# energy, two eff, two rate, three-lin eff, three-lin rate, three-inv eff, three-inv rate
0.001 0.666200326438 494107.890074 1.0 509017.475728 0.998582013541 441076.679104
0.010999 0.651164607901 478146.285743 0.999660115561 502368.410336 0.984019522947 508045.161142
0.020998 0.638235406747 493844.34787 0.999050901643 498519.525716 0.968326054749 499301.100549
0.030997 0.62551996347 473760.816698 0.997745096083 505617.443864 0.954745083063 489689.593858
0.040996 0.612021322823 468680.782687 0.996144919163 497114.479751 0.940459508516 482451.050986
0.050995 0.600380641327 479958.987879 0.993571591801 486248.759541 0.926200355661 484052.357882
0.060994 0.585617240572 470743.303 0.989520972897 488880.237685 0.912533649678 472449.111772
0.070993 0.572754088032 448233.432114 0.985192555885 476315.308328 0.898480669188 443895.712177
0.080992 0.559496900387 425222.353679 0.979172990492 470075.381446 0.887051706244 463841.35431
0.090991 0.545407937867 419302.931909 0.971420800062 456310.808473 0.872250231146 468053.167165
0.10099 0.530160850802 451938.323618 0.963186993123 490253.38442 0.860437102048 446237.682541
0.110989 0.516924094866 452461.930796 0.951664937809 412403.457488 0.847637211274 400373.043502
0.120988 0.501019574835 413154.988874 0.937382827147 420588.701283 0.834264929171 453850.415512
0.130987 0.484669891337 453702.153252 0.923207592459 486909.763377 0.822909809085 398770.120079
0.140986 0.467860334333 427836.968596 0.90327708928 479494.246829 0.812123377784 452572.755455
0.150985 0.450413930402 435794.48283 0.880855486849 404430.867969 0.803141891078 410876.767455
0.160984 0.432436172421 431051.106788 0.854073074492 471956.30501 0.793505947327 448315.837742
0.170983 0.40788523741 425836.254781 0.822909809085 467943.507224 0.785521271916 457412.567355
0.180982 0.387310169603 430995.739679 0.782668586814 480217.26138 0.778361548939 446358.778764
0.190981 0.364309342349 425869.115152 0.737006574099 474752.878136 0.770885207484 460449.547982
0.20098 0.33415982196 405617.109341 0.684027279008 418009.168826 0.764566911073 412199.189617
0.210979 0.302702833601 407182.750061 0.61724965897 418182.96023 0.763521974162 418415.324423
0.220978 0.264007582298 396705.896151 0.540546384285 441255.794087 0.764052841895 434826.294613
0.230977 0.216547240863 362958.110539 0.443905838693 408319.614957 0.76850364655 404462.067795
0.240976 0.156164597486 308752.5065 0.317644853995 345169.296808 0.775638738501 429658.418656
0.250975 0.0884528360633 250058.664733 0.178938251988 333248.901566 0.799833634604 444713.236947
0.260974 0.0907288703802 238908.09711 0.182913668407 297431.453543 0.797308287222 423222.900411
0.270973 0.092417512749 243749.022953 0.186913791621 309827.634858 0.796742914964 448760.487973
0.280972 0.0945842031139 248405.322619 0.191126018941 327485.555451 0.792751084087 445825.498647
0.290971 0.0970044069102 253666.773513 0.195957398861 294504.732167 0.791032851594 447829.986419
0.30097 0.0987351045753 259214.551549 0.200866538246 340708.645363 0.791258179631 449440.436849
0.310969 0.100921718051 263118.525238 0.204758170363 311137.915201 0.788519161016 408343.46654
0.320968 0.103082262738 257347.208869 0.209512276372 330485.772571 0.790288929633 399435.84015
0.330967 0.105499699326 271988.804782 0.213144174983 347632.762635 0.788320247217 432499.675185
0.340966 0.107492206815 271297.40488 0.219201623846 346271.249268 0.787991016902 438837.092753
0.350965 0.109753340343 260182.387413 0.22354761117 336742.314458 0.785410219758 429845.117348
0.360964 0.112062270763 267714.127056 0.228783739882 358740.479398 0.787991016902 445338.880023
0.370963 0.114597681918 282709.527915 0.231448800054 364886.127068 0.785243700382 451536.447568
0.380962 0.117012164585 286639.690501 0.237372382673 360151.606483 0.783852635704 445127.144951
0.390961 0.119638118619 288309.927893 0.241311576682 366197.065048 0.785891672692 451204.685132
0.40096 0.121335074087 296562.48608 0.244946748577 373124.858776 0.783097620949 453313.302819
0.410959 0.124268678825 296531.665222 0.251126932108 375836.722698 0.786466484731 458097.493207
0.420958 0.125708998753 303158.941637 0.256668899686 378169.123295 0.781488109658 459825.116866
0.430957 0.128299872727 303377.780671 0.261641065088 374923.594965 0.78099373643 447417.24341
0.440956 0.130294347961 299860.875782 0.265571097366 372072.294244 0.782038147821 459201.874336
0.450955 0.131956934535 305948.79194 0.26985673306 379643.392792 0.782166601486 452972.565503
0.460954 0.135623379301 308476.154403 0.273253907531 389026.428507 0.78177525525 462338.154794
0.470953 0.137232379706 314382.362884 0.278487146426 387697.728611 0.783244826668 457473.433234
0.480952 0.139719443358 312664.29713 0.281931569569 387011.956456 0.78170803205 462247.966929
0.490951 0.141216808754 313002.622345 0.286856795351 388853.669413 0.783116018638 458072.478108
0.50095 0.143722971099 310766.531522 0.292796617613 396100.852018 0.781298831177 465477.790417
0.510949 0.14662541605 319659.298675 0.295441922027 389678.450318 0.780932746072 439145.393286
0.520948 0.148468179557 319584.768021 0.299323230177 382814.91866 0.78170803205 440266.912151
0.530947 0.150631220128 312444.428553 0.304388058248 382573.289308 0.779064966228 434787.981067
0.540946 0.152681545992 319171.826643 0.31018909127 390046.264652 0.782227784731 420118.554192
0.550945 0.155443877765 305682.33497 0.312246299881 371487.685288 0.782680838408 427829.54972
0.560944 0.15731804202 317752.710248 0.318224055193 402209.016539 0.781024235182 438208.053292
0.570943 0.15907532694 323266.901687 0.322073638917 393570.459395 0.781860828772 445652.59892
0.580942 0.161622430607 316308.463617 0.325503880006 402657.307211 0.782233903582 443699.427591
0.590941 0.164328005272 317236.716014 0.331834547295 411280.46628 0.781524754797 378713.406783
0.60094 0.166011750312 301404.584409 0.335291435316 362485.707742 0.781787478892 427096.787333
0.610939 0.168196978846 331147.737716 0.339476730568 403766.2869 0.783103753416 433423.924837
0.620938 0.171061522276 332054.033642 0.344703968232 404597.843073 0.781042535576 439566.501885
0.630937 0.172880570644 337483.364419 0.345938167012 414064.946424 0.782215547316 439508.465216
0.640936 0.174604172341 336417.390412 0.35202343068 403103.886393 0.782240022529 434325.596326
0.650935 0.177679225034 337179.505731 0.355093460599 390002.017747 0.784541396327 426708.337403
0.660934 0.179529990485 337751.050262 0.3590122854 400973.585844 0.782748229032 413113.888643
0.670933 0.181481286557 323054.764366 0.361750001809 398395.136778 0.780067709877 393508.795138
0.680932 0.183837722765 308106.567469 0.367206950493 395050.639862 0.781793590856 447239.291933
0.690931 0.186297449961 348790.547912 0.370970793469 406060.060391 0.782282857836 441503.360509
0.70093 0.188051932422 342660.697363 0.374717088598 408733.835524 0.780536540818 434943.530917
0.710929 0.189529625376 343690.893999 0.378352200496 420804.326125 0.781958650027 436753.802836
0.720928 0.191050068491 345814.741161 0.38261109113 403735.194321 0.780475621844 438687.004761
0.730927 0.193360390897 340240.178852 0.386917544002 410032.456106 0.779812221217 438831.123992
0.740926 0.196142658478 349994.32573 0.392601811465 398582.540233 0.783373677078 463555.302096
0.750925 0.199408156591 362801.447641 0.395130412793 432342.748528 0.78099983599 440270.609291
0.760924 0.199913637309 361984.227124 0.397175289342 417817.623971 0.782044263705 450868.563173
0.770923 0.201639734319 358212.279624 0.399303614496 404923.99778 0.782974991779 433931.972592
0.780922 0.205598868384 353097.205818 0.406983842741 419002.598347 0.784467542655 434831.704129
0.790921 0.207257751958 353545.439603 0.409617826568 427417.987348 0.781543078654 445289.709287
0.80092 0.20903927639 361096.987202 0.412094138785 396865.050115 0.784282969295 441380.2393
0.810919 0.210932193737 333963.470516 0.416056450539 412605.89844 0.781732475512 455873.868821
0.820918 0.212462633134 363201.693087 0.421576273687 421683.03075 0.782742102132 447139.167042
0.830917 0.214669666317 360701.054333 0.422566754983 415260.35551 0.785984327473 445630.818333
0.840916 0.216215281231 365896.774689 0.425624284419 425186.575864 0.782613459386 450925.76068
0.850915 0.219327104444 360669.72735 0.430409276181 436561.055831 0.784153819613 446095.774947
0.860914 0.219959571431 376896.160682 0.4348449995 420717.796457 0.78485542963 455250.907125
0.870913 0.222315594772 376231.161774 0.438290841036 432593.350468 0.784799993722 441827.055258
0.880912 0.225127872632 354260.91613 0.441770261793 426099.279829 0.783993978926 462872.870376
0.890911 0.226577032792 371906.347398 0.443140626246 432700.011245 0.782460368382 453020.022595
0.90091 0.229193787932 379135.15722 0.449024494286 430072.545129 0.784479850635 463877.776954
0.910909 0.230489629119 376480.387906 0.451652823508 430991.753796 0.785052598524 449634.122548
0.920908 0.231859863898 371921.517301 0.456433429184 417210.83834 0.783656069024 438210.342435
0.930907 0.233461581562 375838.069798 0.456664794341 417587.170231 0.783447324919 428060.091444
0.940906 0.236546422235 369065.181831 0.460789147494 421139.806474 0.782925950864 431387.601539
0.950905 0.237415776753 364411.544944 0.463499420626 419250.541518 0.784830790482 439039.667719
0.960904 0.24025871058 387018.027237 0.467884413834 416977.736951 0.785058761648 440887.97695
0.970903 0.242111991323 373006.396854 0.47013469359 440365.83202 0.782827887461 462539.038377
0.980902 0.243311962433 383201.741002 0.473632858753 426878.14296 0.785724949124 426830.357915
0.990901 0.245907484686 385175.226414 0.47715614935 431810.848847 0.784664516686 443146.258306
1.0009 0.247242015319 387406.238137 0.480776165041 439370.804596 0.783981686188 442260.319978
1.010899 0.248800161223 380704.388221 0.484322481281 431730.399069 0.786738731935 435669.094146
1.020898 0.251824468273 382586.201078 0.486563547632 433144.177814 0.783496431174 440022.576537
1.030897 0.252128595669 385705.825446 0.488925829952 445752.059089 0.785687909049 455931.847803
1.040896 0.256388561993 387608.874251 0.49362970861 441499.177907 0.784123075958 441298.506175
1.050895 0.255956753547 391044.845696 0.496031746032 431780.621105 0.784578328377 437638.343272
1.060894 0.258455367343 376338.8491 0.499880028793 435198.964065 0.785354705453 424908.318036
1.070893 0.261599997907 373292.891751 0.50210633608 425050.847355 0.785465741912 440011.036196
1.080892 0.261796552663 382118.444488 0.506924589898 444796.239973 0.785034109732 433963.849314
1.090891 0.263535166133 375341.644421 0.509188302926 421304.784988 0.785539783662 452957.890065
1.10089 0.266320804715 386949.117204 0.509673605023 418846.52794 0.785724949124 434835.310547
1.110889 0.268008136727 388794.915814 0.513879895991 445674.855198 0.787475981983 422596.918712
1.120888 0.269252205849 399953.847489 0.516942800279 419322.214869 0.78739537484 428528.050512
1.130887 0.271838853927 381318.389597 0.521289461612 429147.588854 0.787073111221 412798.381208
1.140886 0.271519258861 389014.160796 0.521324790558 430631.557441 0.786862542982 443341.116433
1.150885 0.274867239124 384738.174103 0.527570852766 421574.52805 0.78699258653 429335.601666
1.160884 0.275747205991 404145.223502 0.528921423433 439457.810812 0.787073111221 450326.876682
1.170883 0.277490267029 372872.761281 0.530794014767 429767.600085 0.788307818437 448728.320793
1.180882 0.279160397189 381995.943523 0.536345449377 447389.563373 0.786614959843 444290.214672
1.190881 0.281596539742 380316.381435 0.537530370466 416861.283907 0.787736517889 435879.6253
1.20088 0.281798891403 396067.936687 0.540134709597 436923.506427 0.78763724579 434934.059484
1.210879 0.284944934391 400971.669208 0.543705789923 441557.741544 0.788537814331 436423.872757
1.220878 0.286316368134 396707.397007 0.544537741911 457805.986847 0.788991983841 447365.226861
1.230877 0.288289119392 405390.118631 0.546582492963 437355.411542 0.78727759408 457337.255783
1.240876 0.290211738484 400016.02237 0.548549361214 439359.758652 0.788376181579 442730.416352
1.250875 0.29211664802 411096.245809 0.552791597568 447525.132786 0.790695100062 437360.884168
1.260874 0.293338574316 407416.502184 0.55515152861 448153.45098 0.785613839373 461316.559668
1.270873 0.295400030722 408448.446616 0.558440833194 451528.184017 0.787693083267 447753.973075
1.280872 0.297230701554 419721.686851 0.55990414441 458957.670406 0.791508694723 469615.903531
1.290871 0.297506597209 417109.602174 0.564646361983 462950.01628 0.787941345646 465414.776126
1.30087 0.300833308264 411082.949625 0.565767661852 453027.851525 0.79133957964 439906.738979
1.310869 0.301967924967 392900.942557 0.570375820628 414726.161154 0.788301604194 417897.55178
1.320868 0.302543483062 372965.931311 0.569910979905 420827.547458 0.788693292952 423101.226239
1.330867 0.306409160408 382207.58546 0.575973827749 394072.985596 0.789527704527 404507.70621
1.340866 0.307025354154 387535.456832 0.57782092174 437020.929431 0.788749280266 453628.058442
1.350865 0.308845966163 421635.130095 0.579005268948 458583.32732 0.790182769275 464991.164256
1.360864 0.311425581743 402808.50696 0.581547497892 439558.209994 0.791414732977 449834.246915
1.370863 0.311233668013 415346.299834 0.584822681763 450631.203251 0.791076655328 441695.845896
1.380862 0.311401337157 397440.419054 0.588214533605 469270.17777 0.790495087073 450259.680311
1.390861 0.314688065455 399233.572786 0.589445390832 445684.800211 0.7910829134 448462.997534
1.40086 0.316824656562 407619.225327 0.591135334523 442317.21991 0.790807651855 423138.788341
1.410859 0.318356769698 408123.342788 0.5927225525 456158.950193 0.788898618639 440047.967417
1.420858 0.319672655201 403647.383652 0.594491442296 414389.353514 0.791251918786 435043.682729
1.430857 0.321759639114 418035.832463 0.597532192047 449304.667331 0.792952240487 461896.214135
1.440856 0.322392409593 414438.897914 0.598189877431 461333.811426 0.791464843132 422925.882418
1.450855 0.324735421815 421369.965953 0.601073517302 460155.546316 0.792342799189 443806.939986
1.460854 0.325171527981 397671.411072 0.60667831489 462117.587952 0.792989968677 442123.726641
1.470853 0.328030178776 424030.709164 0.607555560956 455597.556419 0.792971104133 447405.31194
1.480852 0.326808065623 424691.47803 0.611022852255 446841.44138 0.792606565953 442777.621188
1.490851 0.330544638401 407250.751767 0.610072293567 444560.988096 0.792016473943 444140.6068
1.50085 0.332199425959 417161.873731 0.61433740639 446616.386034 0.791840871658 446111.907049
1.510849 0.332178459556 419240.06501 0.616587435181 460019.785778 0.793166081046 466958.355321
1.520848 0.33583868996 423339.517101 0.618249488399 462399.8289 0.791496165201 451015.463956
1.530847 0.33707031961 423137.080828 0.621666314389 450647.180866 0.793304509936 454789.363428
1.540846 0.338965815298 422174.109538 0.622184614619 457877.953912 0.789328281632 445918.872887
1.550845 0.339310859644 419949.45753 0.626166234612 458572.296981 0.793909129161 450302.703016
1.560844 0.342828541162 421743.663997 0.626060389785 455004.469439 0.794129792573 456861.023669
1.570843 0.3428720333 424075.725497 0.629687234351 464854.596618 0.794704091931 459452.881012
1.580842 0.34505008402 429968.497915 0.631273278202 459467.980339 0.795083205457 449909.037861
1.590841 0.343907337607 378747.60478 0.634043038841 411573.058736 0.79424963266 407046.814755
1.60084 0.346927093271 372996.445497 0.637291764916 397767.579835 0.794817788022 438808.168731
1.610839 0.348213663904 410667.575279 0.638064367933 454981.765167 0.792914515886 439132.059866
1.620838 0.349410893234 403112.022228 0.640094221869 428194.251751 0.794022597883 444675.518538
1.630837 0.352270205338 426328.393405 0.642487712422 462759.497246 0.794697776436 456512.449783
1.640836 0.353313194481 420448.726816 0.643989644647 461672.003285 0.79610862106 455307.244983
1.650835 0.356261110893 430202.23373 0.646124223843 455018.784166 0.794754619511 445890.903911
1.660834 0.356800074214 425376.310062 0.648247786234 458620.934736 0.795355126064 459791.343965
1.670833 0.358271412091 429355.818455 0.649852808339 466618.087316 0.795646223863 448982.423088
1.680832 0.360768581386 432962.200618 0.652473199663 454293.81603 0.797734434207 462478.856964
1.690831 0.360939163704 427748.831527 0.654600202926 462053.444054 0.797073147403 460681.174399
1.70083 0.361828536693 428082.372837 0.65711657248 469825.267688 0.798339453936 444956.674503
1.710829 0.363406426479 433681.611433 0.65829317745 465016.940734 0.794640941491 462829.965903
1.720828 0.366264142374 423861.447573 0.661082721281 461740.616138 0.798269352045 458274.177565
1.730827 0.367192118588 425148.649334 0.662413968986 469876.321921 0.796102283221 445933.095746
1.740826 0.367035782318 431127.315188 0.664213504789 462058.534189 0.797238366299 453969.783
1.750825 0.3698156469 425158.992262 0.664050308451 463209.742382 0.794937835861 468401.286056
1.760824 0.370708126664 430533.426537 0.66567702682 472569.412756 0.798269352045 456752.068249
1.770823 0.371437910439 439835.236282 0.668927642097 453695.773277 0.798135555343 451063.967075
1.780822 0.373862523273 426126.552648 0.672576371047 465226.867622 0.79703502969 446913.335571
1.790821 0.373701853187 428866.3167 0.672961096119 464480.863424 0.797931760876 451343.062583
1.80082 0.376324662813 436012.840344 0.676622032167 460589.608604 0.800935492655 461637.95855
1.810819 0.377362762597 426277.265437 0.67708015952 471173.230673 0.797893560999 456431.47386
1.820818 0.378889777175 448974.252754 0.679842004718 475488.604518 0.797689890078 469197.209631
1.830817 0.38205123307 451791.307795 0.681886370455 470943.097939 0.798396819187 462699.258455
1.840816 0.382517423669 430275.935223 0.681942171304 479418.612759 0.798320334017 474995.894766
1.850815 0.383787289733 442871.593441 0.682719682126 480584.267449 0.798639118941 458730.281988
1.860814 0.384514819201 445484.091614 0.685824017557 462907.097505 0.79841594277 454929.948686
1.870813 0.386567550747 435363.846037 0.689526777772 469600.655647 0.799891214795 465612.140118
1.880812 0.386005002625 440736.483064 0.689678954447 473097.651377 0.800877762027 459823.100435
1.890811 0.388828188488 449082.894437 0.691156650655 477406.665453 0.800019200461 447136.783663
1.90081 0.390516692636 433299.896383 0.691711224398 461335.333701 0.800384184409 442475.870778
1.910809 0.390382535847 422983.461073 0.692712662787 457912.946075 0.800313722979 450663.643836
1.920808 0.391841852628 435236.446802 0.697048695822 472945.615196 0.79993600512 458402.396547
1.930807 0.39639911048 433226.9453 0.698939010582 461953.700043 0.799948803277 456470.716272
1.940806 0.395071093043 437120.218107 0.69909537059 469690.579881 0.801294892546 462517.616079
1.950805 0.396292289341 446267.119498 0.701680524857 476106.60655 0.80245873356 468977.392545
1.960804 0.397400997477 441253.473015 0.703932872961 473825.576141 0.79985282708 459389.977832
1.970803 0.400469350078 438386.678359 0.703719863197 457766.514525 0.80099964756 455690.613497
1.980802 0.399958404326 438133.4403 0.705815923207 465775.013881 0.801506832846 457936.443815
1.990801 0.404386787875 426268.167678 0.709944908275 462002.548871 0.801134406319 450637.013161
2.0008 0.403766332348 441450.386741 0.710954385167 474926.512883 0.801391215149 439311.43918
2.010799 0.405352271391 431488.341709 0.712971809095 464498.352668 0.801725312873 441582.845002
2.020798 0.404759977333 425350.858601 0.713867591839 467143.503122 0.802059689282 434718.132568
2.030797 0.408558483104 432163.670384 0.716671205584 469058.160562 0.801160079796 438685.169458
2.040796 0.409862941832 444349.521146 0.716686614444 462937.242003 0.80613955888 461303.368018
2.050795 0.408788962698 433048.475406 0.715645440623 446909.526027 0.802381468198 459090.79466
2.060794 0.410691111002 438254.298635 0.71793693642 449856.440343 0.803283824274 448758.567415
2.070793 0.413074638456 432844.243093 0.721375807941 468847.383017 0.804155877575 462536.487999
2.080792 0.414463104494 435506.241908 0.723479066133 461254.666923 0.804718871462 441935.990306
2.090791 0.417670816922 445632.712213 0.725910654917 457908.9467 0.803193497345 438186.994291
2.10079 0.416435891777 431756.619737 0.726074045031 453050.361204 0.803658252365 440736.483064
2.110789 0.416974185128 429868.90666 0.726242782962 450077.529196 0.803025801219 457228.571553
2.120788 0.419862872786 421373.775854 0.730486869499 451928.097568 0.807109016215 451021.28378
2.130787 0.421141292904 428843.953626 0.732150178645 461601.378761 0.803509730503 458051.467537
2.140786 0.422933125814 441577.266209 0.732482676785 476805.882226 0.803548470044 450358.789896
2.150785 0.421713167572 446512.261696 0.736003061773 470730.095026 0.805276169462 457161.791282
2.160784 0.423856329658 435235.091892 0.734699875101 476294.754438 0.807376188861 454516.333877
2.170783 0.426825104145 447443.494884 0.736257749113 478159.913176 0.803451628195 445327.059143
2.180782 0.427195249589 451461.114621 0.73812177533 473298.916141 0.804498757049 434148.467186
2.190781 0.428346240833 437698.170859 0.737838575676 470800.89843 0.807011314299 452642.1095
2.20078 0.429590170977 454100.029015 0.740543262537 484322.32698 0.805769308247 443909.806267
2.210779 0.429804353058 457644.642978 0.742859265312 469408.301904 0.804835451392 461599.854729
2.220778 0.432778655357 439937.653794 0.743942448612 475920.767318 0.808865162177 454867.784486
2.230777 0.433564856967 446921.431068 0.746391198555 470501.978231 0.808740871337 446434.319093
2.240776 0.434150259405 450296.418288 0.745689912307 467064.953403 0.806269552037 477443.075813
2.250775 0.435320134427 455603.495097 0.749282561947 485429.37827 0.80480306469 477566.477582
2.260774 0.435172371776 460751.011459 0.751303511593 485003.896864 0.807284939292 448680.318653
2.270773 0.437319059239 449508.834127 0.751060873484 472373.555756 0.808335556256 467008.268364
2.280772 0.438575331892 454710.969405 0.752864649993 484575.801618 0.80668581201 473590.172079
2.290771 0.441154412868 458059.971584 0.755463892603 486651.01854 0.810097049627 462181.749662
2.30077 0.441801489755 446568.359188 0.754159187921 458894.400669 0.808250622353 455169.884132
2.310769 0.442290000708 442724.341213 0.757759456838 464386.2386 0.80821142811 457466.946755
2.320768 0.44531924937 452820.47628 0.759151572203 477673.62246 0.808466258661 447731.986605
2.330767 0.444533351115 443830.890888 0.758581452683 463183.654358 0.808551237892 445915.080278
2.340766 0.448569288255 446273.292256 0.761156653651 474401.160016 0.807291456435 454423.755734
2.350765 0.447409276584 430917.806896 0.762096374708 467134.658456 0.807800117939 443246.94484
2.360764 0.449258498848 445889.007836 0.766659511178 475219.23762 0.810832725209 455131.358925
2.370763 0.450832236308 444345.755185 0.766659511178 480961.210549 0.810379338568 465363.137789
2.380762 0.453060651229 447645.495587 0.767695378474 480166.683839 0.810924778618 457360.195754
2.390761 0.453689630923 447377.156193 0.766383360284 461243.507704 0.810543550505 444944.873904
2.40076 0.455145418961 453819.478632 0.769633346674 463055.303167 0.810418743365 468658.264056
2.410759 0.454334808407 437493.180962 0.770914921829 474194.131906 0.809506848428 431287.351878
2.420758 0.456885956696 435338.992814 0.769722207255 468880.402801 0.810051114225 455415.017617
2.430757 0.458816620173 454613.384435 0.771729987112 479837.640386 0.8098280735 444867.477496
2.440756 0.459305530039 432019.446676 0.773586657177 477808.029418 0.811431446214 447266.953377
2.450755 0.459141038944 445129.034552 0.777012851793 463209.230824 0.810628967016 453249.620428
2.460754 0.45977857064 453683.504597 0.775410191992 460770.245671 0.810405608007 441587.02919
2.470753 0.463312592373 437110.651637 0.777429662051 474198.956928 0.811043163717 438958.339656
2.480752 0.464733684362 455595.576894 0.779629831756 473680.02602 0.811069476211 440940.352264
2.490751 0.464228846252 444241.275221 0.779429301865 466768.159682 0.812189337578 441907.121943
2.50075 0.464028509912 430637.305231 0.78103643535 480771.562945 0.8125325013 463394.488723
2.510749 0.466139618138 454545.395433 0.782111544749 475019.026565 0.814730324263 451133.344663
2.520748 0.468561843135 453060.638106 0.784516776891 475359.809054 0.812486289294 478727.503493
2.530747 0.467280985402 428107.715281 0.787178437608 479053.384197 0.813504169209 369801.8785
2.540746 0.468695807047 427091.133665 0.786262422946 468460.925886 0.814843183429 462393.711725
2.550745 0.472562992647 463753.142877 0.785761992692 469997.422709 0.815235113807 448640.004792
2.560744 0.472757357286 437015.009971 0.788003435695 457138.372971 0.814610860392 446544.111932
2.570743 0.473556599485 442560.375463 0.790788890998 474484.343943 0.812064023128 447790.303277
2.580742 0.473960604395 450913.641353 0.789122732259 469560.700372 0.811609258838 438644.796673
2.590741 0.477808198233 425617.171201 0.791521224642 471100.198692 0.813206473124 461303.368018
2.60074 0.477087855729 449597.97449 0.791897306757 463394.488723 0.817922313739 461445.979308
2.610739 0.478228641113 455116.543275 0.794552547733 481234.367327 0.815640726573 447609.666558
2.620738 0.479991552149 434101.287099 0.797060441093 482497.115465 0.814173125773 424848.492829
2.630737 0.480662930313 439800.185386 0.794963113712 472337.382558 0.815075639019 435902.728196
2.640736 0.481503059952 442818.75836 0.798307587914 465365.203103 0.812994910652 443431.577567
2.650735 0.482707020974 439075.976413 0.800012800205 470581.688362 0.814929508598 480577.109047
2.660734 0.481943969194 472143.312238 0.800166434618 479239.488117 0.814239418959 460648.793383
2.670733 0.484747422356 463137.112438 0.799699313058 470238.757243 0.814730324263 463291.094498
2.680732 0.483533274342 455682.692266 0.802355716383 475615.312478 0.816193274567 459584.278404
2.690731 0.488228803546 452953.976775 0.805075194023 474649.187927 0.816486495313 453582.926447
2.70073 0.486994803765 443710.692822 0.804485812893 468243.888934 0.816759913423 470357.935061
2.710729 0.489893497154 453747.308978 0.806692319482 481210.626251 0.8173273396 450828.33972
2.720728 0.492545326484 457214.117452 0.807460939077 478604.047186 0.818786231291 447221.170773
2.730727 0.491941990201 457381.142956 0.807050392226 472293.237485 0.815733874981 461876.885806
2.740726 0.494432687934 439828.779118 0.810412175633 483360.08869 0.817648116956 456804.798172
2.750725 0.493941803777 458229.618235 0.808413972627 483436.971603 0.816266560008 451811.747978
2.760724 0.494682166708 459565.143075 0.80895676935 468528.954756 0.817013488893 467867.297732
2.770723 0.496162185495 461695.380189 0.811240549048 481051.124894 0.818243558378 477794.966315
2.780722 0.498270999631 461944.542037 0.811951932446 493094.24189 0.817053541519 460443.482299
2.790721 0.498487091677 459254.668586 0.814212900389 480961.210549 0.819819967535 454688.294414
2.80072 0.501889614398 455609.928839 0.815274992255 483416.355669 0.818846572718 471896.302847
2.810719 0.501582492765 462237.269008 0.816613178503 480415.826229 0.819336337567 455396.22789
2.820718 0.50152463489 456965.052443 0.818277035873 480947.422978 0.819309485965 459700.131521
2.830717 0.504032258065 462158.323481 0.819692287515 472647.694516 0.819981304426 454973.375031
2.840716 0.504928098239 460466.734952 0.818953868329 476340.191726 0.819531064325 459193.830564
2.850715 0.504912801559 455481.288504 0.820506088155 483949.591661 0.81945047651 455481.288504
2.860714 0.506213774077 465817.948795 0.820748522653 479048.459881 0.820236884412 469199.309117
2.870713 0.507534347387 468039.587432 0.822957214454 477693.751481 0.820937181887 451279.932517
2.880712 0.507415883132 460502.629528 0.823248538734 481576.941094 0.821038285015 455981.909897
2.890711 0.50751631665 452742.759501 0.824320759694 479995.788611 0.820660960337 457381.142956
2.90071 0.509925703825 460460.668816 0.823872530442 476526.358723 0.82140920964 460621.475441
2.910709 0.511786441754 453745.345499 0.825545685698 478100.503257 0.822158824642 458278.183322
2.920708 0.511673838628 456344.071983 0.825988915229 475445.485296 0.820620553262 455050.378476
2.930707 0.514273665588 467300.681849 0.827896810941 478071.076289 0.821780469565 452834.653915
2.940706 0.51374261495 450584.729357 0.82669907327 476951.190529 0.821179871239 451750.919538
2.950705 0.514503863924 465876.932544 0.830047727744 480852.585914 0.822388710248 458717.739519
2.960704 0.516176986765 463059.392944 0.830557885732 478251.509678 0.823485815457 460935.827525
2.970703 0.51774841569 463454.396586 0.833423620892 486793.350657 0.823092688468 460098.002328
2.980702 0.518952131855 468957.467053 0.833069527983 488183.759813 0.822469877041 472116.739681
2.990701 0.521460715757 474324.9784 0.831351944532 490270.576079 0.822402236934 471976.486157
3.0007 0.521896153103 465948.353913 0.835087016067 481990.335611 0.824524661533 456575.561371
3.010699 0.522608023078 459290.877375 0.835750043877 483278.775414 0.823451910408 457973.945202
3.020698 0.521409055832 463617.813837 0.83896840445 485870.802949 0.821604923057 463942.428409
3.030697 0.523302667797 464692.365815 0.837226436262 490860.406329 0.82287595145 466685.581974
3.040696 0.52453513074 468878.306169 0.837317569435 471698.350862 0.82435473633 453530.937673
3.050695 0.526626221773 452488.777603 0.839320486134 479108.105638 0.82476267454 461431.257337
3.060694 0.52878158148 464949.927835 0.840781253941 473309.5981 0.823404448031 462376.380607
3.070693 0.527092557453 468059.957326 0.840060820403 473734.061766 0.824388715767 443829.012293
3.080692 0.529181726297 457904.947395 0.842637455235 479262.487459 0.824300375057 445610.933569
3.090691 0.531521906675 453449.055005 0.844045679752 470650.334616 0.825913873701 432550.522447
3.10069 0.533077456154 448778.734095 0.843589981525 461479.995731 0.826678570838 438922.050415
3.110689 0.531756498064 448571.391904 0.843960198837 469644.298781 0.826159514879 434947.139191
3.120688 0.532016769169 456889.88815 0.844830062433 455500.085251 0.828541601074 465879.00242
3.130687 0.533680581498 474189.843079 0.846381718155 480132.055363 0.827663836056 464720.683668
3.140686 0.534270800498 458377.348139 0.847184804893 488835.225286 0.82538896455 465937.484031
3.150685 0.53581379399 458198.582025 0.848385098964 477648.599557 0.825968448005 457310.329187
3.160684 0.537871534763 460895.813668 0.849307389824 462224.534035 0.828328846552 447765.923149
3.170683 0.539225995007 460523.865573 0.850701829009 494828.975481 0.828335707896 472074.761138
3.180682 0.540733450853 474709.354967 0.851505888163 472974.414548 0.824837507011 455180.751395
3.190681 0.539936395493 459672.925978 0.849617672048 478700.184664 0.827020410864 465403.931124
3.20068 0.540791935711 460068.731086 0.851825035138 489497.571946 0.826931505263 464086.676345
3.210679 0.542278763821 468467.204646 0.855505175806 486263.416489 0.827924228375 460549.149133
3.220678 0.543504845346 473162.229635 0.853679358033 480469.208211 0.829531314807 457464.950952
3.230677 0.544247305976 455389.800182 0.854810445784 471795.979339 0.828747596632 461058.951689
3.240676 0.545979678636 465718.641497 0.85815548061 489062.080963 0.827335153471 451616.182063
3.250675 0.54650482837 461516.556284 0.855607652555 489205.827122 0.829627663105 463920.875922
3.260674 0.546872436535 457607.195499 0.855578370979 474324.441997 0.830033948388 465996.498058
3.270673 0.548748031366 462100.786638 0.858045030203 487105.982584 0.829379955545 460239.869202
3.280672 0.549640809731 466637.295346 0.860155860242 490023.132463 0.829572604194 470245.610967
3.290671 0.54942639884 475640.122791 0.859630874502 472453.369168 0.829662078635 469692.683784
3.30067 0.550442555815 479674.110569 0.859453559427 488221.832666 0.829558840609 461031.078321
3.310669 0.551599362351 465900.219715 0.862106125264 489157.902348 0.830302728375 453691.847227
3.320668 0.552153675411 475742.087987 0.864535873916 487496.062772 0.830309622458 454489.738422
3.330667 0.555697567156 463516.368877 0.861964935266 484278.149947 0.830557885732 468708.541186
3.340666 0.555453722373 462062.606377 0.863960741624 483778.783559 0.830619974749 459998.596196
3.350665 0.555700655171 458465.530679 0.864849905299 473998.533129 0.831746084555 442746.305965
3.360664 0.556483027268 462969.434532 0.864543348203 461932.331928 0.831386503272 445130.924169
3.370663 0.558631130278 442871.593441 0.865426222415 460205.530405 0.831510938526 465317.705531
3.380662 0.557174456894 458867.290407 0.86740801138 479384.092094 0.832493901982 446833.348781
3.390661 0.558762229908 471711.613229 0.867107157102 486766.798272 0.832584007726 457954.943732
3.40066 0.560318260772 471004.973605 0.868756895758 460244.414427 0.831939834111 410529.303639
3.410659 0.560927999282 464742.310535 0.867739192308 493361.626446 0.833020950477 424489.465449
3.420658 0.560959465069 466461.367365 0.870269000148 486014.931651 0.832306821587 470453.426355
3.430657 0.565255976169 473352.864965 0.869172200396 473619.584794 0.833319444676 452408.734717
3.440656 0.564706945331 468436.858864 0.870655429407 469689.001966 0.833798871036 448279.90133
3.450655 0.564276766468 468759.352994 0.874232860665 463364.284649 0.831020326757 447758.275028
3.460654 0.567005925212 453411.800825 0.872052462676 476737.59623 0.834599142032 459280.315888
3.470653 0.567868845012 470141.245123 0.871892792062 464841.717019 0.834564315699 461105.583766
3.480652 0.568152764915 450897.160113 0.874370453274 490169.735557 0.834912709876 436199.206079
3.490651 0.571128321111 457575.744352 0.873973081629 458699.177923 0.833882305851 452110.287943
3.50065 0.568046261688 444594.445622 0.873690556279 470869.608659 0.836526074518 462915.782805
3.510649 0.57302321317 455967.038821 0.876232201533 485953.553901 0.835366057406 454574.460706
3.520648 0.570724134782 468775.070216 0.878696015114 474486.491012 0.834383265609 478516.682981
3.530647 0.572629457205 465282.604861 0.876946821945 482043.514088 0.836358162019 463203.603759
3.540646 0.573056050612 471607.125991 0.878225282349 488013.924958 0.83621129387 450994.610822
3.550645 0.574346250381 474086.39864 0.878958609839 486738.554234 0.836911128407 458370.836002
3.560644 0.576907544797 474599.239384 0.880529726684 478830.79684 0.836393138231 457567.258275
3.570643 0.57386833165 457557.275059 0.881313509655 474637.908304 0.836582060334 452283.846312
3.580642 0.578576470452 467757.724859 0.880397939869 468002.508329 0.835219537455 450818.163839
3.590641 0.57683433318 465781.738104 0.88019645985 476433.257038 0.836533072335 450265.964014
3.60064 0.578315482662 460472.801248 0.882900859063 488634.764414 0.837338602984 462429.907366
3.610639 0.579136044848 461329.244658 0.883571750444 463690.59464 0.836197309117 443395.95116
3.620638 0.582764166997 458316.241511 0.882083127514 454398.647953 0.837857765266 455290.441005
3.630637 0.580790921076 461633.38576 0.884212387816 448382.455128 0.835994582755 442515.084408
3.640636 0.582004423234 454161.491759 0.885018408383 456245.784873 0.839073997936 451962.673218
3.650635 0.584142857977 466157.05042 0.885198594305 479837.091442 0.839750426173 468634.700365
3.660634 0.583512277098 488748.642463 0.885747437976 492732.198197 0.838110563546 486473.220396
3.670633 0.585737296822 495486.017179 0.88621056363 483201.386137 0.837801608579 448237.743285
3.680632 0.58658595244 469516.547188 0.887894447108 493529.977949 0.839052877112 461931.823188
3.690631 0.585751020671 476589.710317 0.88818623489 491530.560227 0.839221873479 465417.358343
3.70063 0.5869681335 472039.164932 0.887484690889 485821.278449 0.836995187278 462707.935958
3.710629 0.588824118236 466853.364796 0.89003604646 486696.194321 0.83870101986 463503.563326
3.720628 0.591579457995 474383.453655 0.88989347975 485771.764044 0.839835056395 462774.304096
3.730627 0.59054188123 476004.485058 0.890908280992 480261.250512 0.84042794591 467722.776694
3.740626 0.590102795907 471120.306689 0.891670902103 477998.069456 0.842147813784 465584.230338
3.750625 0.593810123275 471239.931825 0.89208453393 474705.056816 0.8392993529 443866.587227
3.760624 0.594113523212 462228.60915 0.892562278533 466652.870586 0.839954978413 449886.839243
3.770623 0.595036207953 469168.343611 0.893439473943 462750.817809 0.84291446104 451447.022861
3.780622 0.595663569216 480323.398895 0.893024584967 484432.52508 0.842303869544 460823.401188
3.790621 0.594138232201 477028.760679 0.89527117764 486601.334866 0.84134008649 459172.717002
3.80062 0.595358584475 462845.288016 0.89474249311 489550.705794 0.841786270466 467354.834109
3.810619 0.601077130217 465315.124419 0.896378630333 504093.388731 0.843241420019 459164.171588
3.820618 0.599754100819 472658.879742 0.895166993403 466463.442438 0.843163211103 459417.653109
3.830617 0.599430540986 468840.56999 0.896483096811 486662.876371 0.843184539368 451123.155009
3.840616 0.602300789014 447419.62978 0.897263346792 476183.9022 0.842048535678 454731.674633
3.850615 0.603452957825 447259.322292 0.896458987001 486577.62578 0.8417366711 449680.400545
3.860614 0.60156527284 461501.829809 0.898989535762 473918.196846 0.844459081735 460793.531341
3.870613 0.602576617617 454901.331309 0.898900644512 470486.144997 0.843177429827 458431.95719
3.880612 0.602500376563 466131.147395 0.898117545624 469852.109252 0.843469019383 448418.407984
3.890611 0.607825140863 479934.274138 0.901371888014 483532.830929 0.844730150953 459677.460011
3.90061 0.604850904252 463396.536599 0.89992800576 485823.529344 0.845451471086 452925.118352
3.910609 0.606398719286 441816.816263 0.900852206187 467536.1272 0.845637356876 417402.242504
3.920608 0.607540796364 464332.258015 0.902681867829 482483.239696 0.843654034354 455680.712001
3.930607 0.608483476631 464457.717922 0.901932842081 473285.56437 0.8423961115 462720.697583
3.940606 0.611355313595 468860.48555 0.903889436244 471836.315939 0.844252330136 456660.565961
3.950605 0.612182430364 473947.114771 0.90310578078 481665.426416 0.845394291898 450371.36301
3.960604 0.610288239135 468902.418574 0.902861167038 474849.624869 0.847716252416 467777.026831
3.970603 0.614469528456 480244.753643 0.903873096217 484038.951117 0.847084335716 459090.292159
3.980602 0.614458201481 475170.245668 0.903636232198 480512.693025 0.846854781342 456754.555236
3.990601 0.612778890993 449784.07854 0.905493629852 472056.69672 0.845122796342 446488.020532
4.0006 0.616507607704 434627.588251 0.908810004181 465733.638322 0.844772967265 454839.174929
4.010599 0.617280140246 464666.625307 0.906453952139 465790.014337 0.84762284174 432783.948738
4.020598 0.616979269497 461712.660292 0.907548077359 486734.035492 0.84664685513 458534.697541
4.030597 0.616712920136 474856.61366 0.907869412064 480808.488394 0.848428286599 471438.029051
4.040596 0.618436839046 483133.482156 0.908273462974 479806.901443 0.848133258698 463091.602463
4.050595 0.619390643485 470805.126173 0.907589261404 485768.951028 0.845773248192 465655.561982
4.060594 0.617432591797 484020.518028 0.910017472335 493810.044079 0.849235263645 465326.481526
4.070593 0.621384319988 464535.39306 0.909628416792 463190.303967 0.848255562436 450769.229116
4.080592 0.623449170189 475091.126158 0.910804878271 476374.275382 0.851186980244 435399.549269
4.090591 0.621902149916 452730.542309 0.910547785548 457115.455246 0.849920957351 459411.111379
4.10059 0.624816460165 468121.07765 0.911402557396 459269.754888 0.847227870408 460062.170801
4.110589 0.622250430908 483360.08869 0.912616929044 500673.126163 0.849523841887 480150.743127
4.120588 0.62941376402 494738.505889 0.912317194442 490867.299887 0.847809683682 469691.105855
4.130587 0.623884805909 478638.455596 0.912958533423 484775.746788 0.851331908771 471742.384792
4.140586 0.628124921484 481897.85517 0.91283352655 489562.133935 0.848586678886 462988.343342
4.150585 0.628476259309 489303.417293 0.913801138596 492080.12558 0.85010158714 473648.466287
4.160584 0.627387995558 485113.844289 0.914503104738 481584.129313 0.852166206497 472862.436767
4.170583 0.629603979097 481419.959689 0.914235561935 499619.892341 0.850651173473 474810.921445
4.180582 0.628835898984 480905.513617 0.916632292956 485316.48001 0.852398649801 459033.516649
4.190581 0.629956973939 481783.826377 0.915248032217 495459.093331 0.851172490105 466715.701275
4.20058 0.632059312446 470152.312031 0.916489478701 489241.776866 0.852253357878 481317.755712
4.210579 0.632491066064 492926.766781 0.915407218901 497059.691428 0.850803158181 477922.362046
4.220578 0.634549977156 480224.409066 0.917852225792 487287.074236 0.853373384991 469263.35245
4.230577 0.634920634921 480410.873863 0.91717875814 491253.073037 0.851027615846 470395.915905
4.240576 0.636128268904 489932.122336 0.917810105089 478957.104815 0.851592904528 469413.030024
4.250575 0.637523349293 475278.472148 0.918138749128 488749.211987 0.852674840976 477710.073553
4.260574 0.637795777792 476351.011406 0.920217171252 488109.336015 0.853417081996 459602.911703
4.270573 0.635206982195 478462.096548 0.920606864045 488088.319662 0.852987589031 463151.432032
4.280572 0.640249953582 477436.554146 0.919963201472 488286.058546 0.853336974238 451699.836306
4.290571 0.639394365657 465549.606187 0.92093751439 479538.103595 0.85368664578 462892.282156
4.30057 0.640910605789 492421.55462 0.920090168837 500686.274861 0.854920064974 472942.948767
4.310569 0.639427073342 480924.261639 0.920691623548 499074.150095 0.854146024804 475519.870846
4.320568 0.641210605623 481366.366246 0.920861189384 482099.474947 0.853635634166 437895.12368
4.330567 0.642665261372 476360.749538 0.923420719714 461172.00007 0.854328455118 444227.160075
4.340566 0.642925568507 461849.422014 0.924504927611 477830.891567 0.854153320521 446388.70678
4.350565 0.644151427117 482469.364726 0.922892344608 478819.317601 0.855066267636 448460.600021
4.360564 0.644379720081 460528.416409 0.924137548633 470787.687224 0.855820003937 432352.107435
4.370563 0.648718780409 437217.728863 0.923395139248 443372.515856 0.856604420079 419600.338137
4.380562 0.64795376202 442057.558173 0.923924090397 459086.272192 0.853766819206 415724.630642
4.390561 0.645011481204 432355.67284 0.925805914048 440545.75819 0.85659708243 452580.568933
4.40056 0.64909354087 474338.388882 0.924829831311 481403.383123 0.855900578589 458202.586461
4.410559 0.649578423603 473987.28441 0.92674970344 477732.38219 0.85690537194 453146.786662
4.420558 0.648866106479 468658.787721 0.926517867897 478581.110994 0.85649436855 457567.258275
4.430557 0.651143407824 454182.146976 0.927213722763 489004.492126 0.856942087854 455491.675988
4.440556 0.651750275364 489121.964929 0.92786757474 489038.701681 0.856619095753 456348.044069
4.450555 0.6547544998 473915.519439 0.927704025308 467390.248142 0.858015581563 467976.399811
4.460554 0.652009493258 471089.616226 0.928065632802 487769.320673 0.857662355484 465006.114265
4.470553 0.654274703777 482602.042108 0.929402580022 499540.156235 0.858052392679 476956.071823
4.480552 0.655363825228 478675.054095 0.928065632802 481403.383123 0.857566740132 463057.348046
4.490551 0.654300389309 487343.692993 0.930778037361 490042.598136 0.858170209479 473954.07702
4.50055 0.656305785992 480265.649869 0.929480327549 477582.247161 0.858700785711 458009.452176
4.510549 0.659539245883 471106.548401 0.930189293521 478272.232802 0.859564372776 457099.015685
4.520548 0.656383327863 474266.51756 0.93094267255 479308.492767 0.859623484914 469303.257136
4.530547 0.660549973908 475827.902096 0.931775404856 452822.431763 0.86007448245 457028.289243
4.540546 0.660423463525 469186.187641 0.932322695531 482702.570199 0.860540763816 457670.110765
4.550545 0.660873013251 481874.048586 0.931766722883 487959.421099 0.858848284451 458505.123647
4.560544 0.664654977601 468467.204646 0.932366158838 494755.429942 0.859446172886 457377.152865
4.570543 0.660066006601 480875.189028 0.932948958362 496798.287745 0.861333861618 452667.023536
4.580542 0.663292717709 477815.105564 0.932731410663 470581.688362 0.862894666448 463570.159917
4.590541 0.664173801 469908.960337 0.933305956359 484162.992035 0.861244843297 472076.886454
4.60054 0.66401062417 483259.843372 0.935033848225 497064.992996 0.86287232941 464030.711872
4.610539 0.666862279602 479305.754109 0.935269965676 487068.649173 0.860725936255 465866.065994
4.620538 0.666742230786 484531.578333 0.937242258379 476857.922783 0.86259693433 469397.795311
4.630537 0.668569862208 475032.476321 0.935199992518 486421.316559 0.860570386052 459668.895801
4.640536 0.668654800273 471691.454726 0.93605788582 487339.163009 0.861408057611 463467.19942
4.650535 0.670474964465 478832.983425 0.93559372778 488693.974376 0.862730888354 470103.305391
4.660534 0.672847896005 482185.935079 0.935908954777 474160.359495 0.862716002519 465146.381847
4.670533 0.669223098904 415570.580449 0.936847134653 434371.025804 0.862723445372 393917.91248
4.680532 0.671632267901 427858.79031 0.937294966726 468285.188903 0.863639896709 459514.29113
4.690531 0.673541277977 473216.147302 0.938508897064 479526.590417 0.863513116764 456196.161008
4.70053 0.6739770713 472679.12102 0.93825353487 485505.234951 0.862894666448 458488.082797
4.710529 0.673038093956 488744.655835 0.937857558194 491327.883121 0.865898326219 454646.400923
4.720528 0.676246830093 487201.038915 0.9397524692 477968.110419 0.865463672162 453821.442753
4.730527 0.673613871057 471945.153011 0.939302286262 490576.215679 0.863811481782 458839.681395
4.740526 0.674217907228 466696.486789 0.939346402773 470574.824837 0.865591025552 449729.581355
4.750525 0.674891342494 479736.107076 0.939372874669 486409.470497 0.866400970369 460087.403689
4.760524 0.678665472215 472520.433281 0.940539117022 486835.727485 0.865853341761 477213.294558
4.770523 0.677525136183 458148.03204 0.940459508516 485384.999057 0.865306404998 455864.950287
4.780522 0.679324751197 488359.967631 0.94122076333 494422.996901 0.865583533139 464895.81613
4.790521 0.680614731225 485008.383538 0.942054243483 481009.749088 0.867859684446 449909.520464
4.80052 0.680591570193 469505.510189 0.942151874882 478448.451885 0.865553564782 480655.863198
4.810519 0.680174940995 486861.722256 0.941779209282 479452.590331 0.866123318638 473724.965778
4.820518 0.683868232269 488646.719116 0.942578139728 492518.697092 0.86667880017 463231.228843
4.830517 0.683256125391 486248.759541 0.94264033558 486542.066482 0.865898326219 468320.221169
4.840516 0.684668894123 481394.542754 0.942978113478 482090.608995 0.868198748057 461725.367075
4.850515 0.685203711063 484970.810203 0.941983251538 496184.13083 0.868462647422 479340.263492
4.860514 0.683036781531 494068.311714 0.944082021846 493907.735207 0.869459370164 471016.081215
4.870513 0.685918101379 490135.940347 0.944126588493 499540.751186 0.868568252093 478086.87921
4.880512 0.685513723985 472393.240558 0.94452787774 483692.309112 0.868032950531 459654.287001
4.890511 0.686129884387 475111.576296 0.945581769183 499470.556713 0.869315761564 461893.670841
4.90051 0.687374983675 470200.801772 0.946960729539 471346.904833 0.868424937691 446879.528136
4.910509 0.689812164148 473825.576141 0.945063461011 465237.188325 0.872402421789 438962.014851
4.920508 0.687630219973 467908.531293 0.944617099459 492378.199815 0.86868142846 455663.880445
4.930507 0.690684053487 482602.042108 0.946154355622 469014.626292 0.871239512454 455508.000135
4.940506 0.690798563139 484397.838038 0.944992014817 470134.921409 0.870981509063 453021.979802
4.950505 0.691299989631 472458.158831 0.945939554462 474937.806227 0.867919943064 457199.165895
4.960504 0.693019903532 499260.685892 0.947858314139 492203.701704 0.868093233213 473507.301351
4.970503 0.693813267097 489713.60719 0.946978664571 483266.5251 0.869466929825 467547.592984
4.980502 0.694589150517 482471.584667 0.946154355622 482618.701327 0.871057376549 462457.44024
4.990501 0.695444145403 493330.290919 0.94745419059 497146.297868 0.872760278934 470242.974895
5.0005 0.69649038495 480189.772264 0.949424174238 490698.463432 0.870019140421 470442.345267
5.010499 0.692559144551 481674.829893 0.949144820517 472156.599638 0.872174155735 452790.168451
5.020498 0.698153384299 459335.140315 0.949162838377 482534.306462 0.871710382942 450113.754411
5.030497 0.697413294092 467753.030026 0.948172870878 459882.088376 0.873354817862 439155.049027
5.040496 0.699271359244 489320.54239 0.949054741477 497379.165426 0.871566029842 469896.325574
5.050495 0.698968322756 486445.010415 0.950507095535 486693.935333 0.874622818909 471248.932632
5.060494 0.702326104057 485590.110147 0.949388119357 491477.571663 0.873950167361 470271.973306
5.070493 0.70186766987 477970.289132 0.950263222913 460324.728204 0.873316682095 451719.781717
5.080492 0.701060704846 469003.612878 0.950218075048 471371.271812 0.87546509083 448398.273674
5.090491 0.702765381777 484118.844062 0.950940956076 493736.801091 0.874408681129 470081.703558
5.10049 0.702617249253 470360.044947 0.951755513044 456890.385845 0.874638118478 447545.666303
5.110489 0.702064772496 481333.774008 0.952662214559 479575.388155 0.874668719223 446106.213233
5.120488 0.704890530501 469671.119671 0.951592490032 460923.164161 0.874814102003 445823.129252
5.130487 0.70536287393 456514.437284 0.951746454744 481005.336089 0.876163106524 446612.105995
5.140486 0.704111305915 477267.596402 0.953834414346 465874.862686 0.875449762315 452055.225634
5.150485 0.70582588687 467978.488385 0.953479724254 492739.723292 0.875718088833 478164.819242
5.160484 0.708335694452 486943.115142 0.953506998741 463136.60104 0.872958368615 454665.128823
5.170483 0.708656953342 481465.827472 0.954262212171 480568.298999 0.877246848491 470247.719845
5.180482 0.709003637189 485972.69759 0.953825316432 490563.592621 0.875388453626 473870.543522
5.190481 0.709074020237 480669.634057 0.954271318421 478892.575534 0.876009601065 448631.846916
5.20048 0.712159409762 486728.952007 0.95469950833 503570.480951 0.876293628469 476578.338278
5.210479 0.709043854362 485048.206412 0.953943602854 496575.957947 0.876032623455 453083.64048
5.220478 0.711774168292 482081.189277 0.955931555301 494799.788127 0.876285949631 463883.933459
5.230477 0.711814700397 482742.015308 0.955182821992 478713.843689 0.877708828873 459203.885323
5.240476 0.709270161004 472101.328969 0.954380606986 488901.892172 0.879059055187 440740.651228
5.250475 0.714908706158 473659.698931 0.955940693439 474962.545905 0.878456727222 423332.253379
5.260474 0.714372459513 458671.589137 0.955036864423 488913.859948 0.876939131655 463009.809268
5.270473 0.712600922106 472723.871051 0.956928641831 468171.239582 0.878441293768 485821.278449
5.280472 0.716604441514 500535.10652 0.956315507612 491646.944778 0.878194432247 474423.697296
5.290471 0.717308657916 478670.137553 0.957515056924 490554.412623 0.881018457337 473180.378765
5.30047 0.71812254043 497003.148406 0.956791304681 499378.382079 0.879801516778 469254.427331
5.310469 0.717401285583 483750.885198 0.957615919407 483084.514083 0.878665131932 470373.232163
5.320468 0.717947245236 485668.266531 0.958515451269 487377.104232 0.881554356642 476519.862076
5.330467 0.721048115541 484992.119738 0.957542562767 486975.906076 0.877963125549 468575.016283
5.340466 0.720902570018 479643.941075 0.959462700888 490506.223271 0.88100293374 466048.277058
5.350465 0.722715676426 482422.750669 0.959251016806 479064.874663 0.881383419415 467715.996311
5.360464 0.721641300975 490172.026926 0.959748162082 490547.52785 0.882293256633 476369.947028
5.370463 0.721542368968 488257.069552 0.959748162082 503329.969243 0.880436696602 482092.825452
5.380462 0.722256328771 497809.512054 0.959094614684 511030.588946 0.88174868399 480046.879578
5.390461 0.722345020876 506498.506215 0.959481112614 501375.754729 0.880995172146 461205.468968
5.40046 0.724055288862 488207.057421 0.959297027139 489416.465092 0.882861885087 470139.137199
5.410459 0.723594237295 489540.992293 0.960540976678 487959.421099 0.883306392488 464917.459301
5.420458 0.725399876682 489368.49904 0.959462700888 492545.302311 0.882542428227 470533.120034
5.430457 0.726522427747 487102.022709 0.9611964974 479482.735757 0.881810886837 456742.120572
5.440456 0.727637869185 496332.094763 0.961030224401 480173.280305 0.882885269059 443305.973099
5.450455 0.728151805088 473742.623016 0.961880669084 488548.252582 0.882994410645 443706.937681
5.460454 0.729298852084 471071.627123 0.961834410588 466235.295033 0.88447829048 452310.67199
5.470453 0.729330766089 476569.132739 0.961723408348 481967.073716 0.883923204752 463316.682831
5.480452 0.729703302637 471840.562298 0.961936185153 469814.742422 0.883251779752 450897.160113
5.490451 0.731170530903 463254.763922 0.961778906265 467324.632262 0.884118577984 462043.26412
5.50045 0.732118017424 470207.65439 0.962417592994 470517.284704 0.884493936794 449079.047816
5.510449 0.731250731251 494281.411228 0.962084259339 483266.5251 0.885112409276 474640.056763
5.520448 0.735186002059 487540.828876 0.962491698509 490983.370519 0.884572176667 471055.755527
5.530447 0.734359968569 489612.995633 0.96251949102 494422.996901 0.884556527585 476093.095902
5.540446 0.736311960651 490735.207056 0.962751157708 490198.379214 0.887272081984 468026.53074
5.550445 0.736935967634 506098.808811 0.964050554811 501660.598696 0.88697302715 481769.991604
5.560444 0.735245461697 515272.66071 0.9643945531 491714.380841 0.883337602798 478228.607263
5.570443 0.739956934506 486615.448515 0.964924977083 485596.856469 0.887855031031 472214.541442
5.580442 0.737223909646 485771.764044 0.964850496416 490954.060378 0.886729210634 466530.892362
5.590441 0.739322337146 479899.679175 0.965157803301 487303.492321 0.885786667139 477970.289132
5.60044 0.736990279098 487847.612756 0.964608513635 496844.778651 0.886642727313 474547.690623
5.610439 0.738634265244 480166.683839 0.966473049899 497062.047667 0.887059574921 472889.093334
5.620438 0.740603591927 497988.008311 0.965745023999 496531.280742 0.888170457674 475635.807768
5.630437 0.740066457968 497438.153848 0.964217874671 490330.75638 0.887035969309 463875.724822
5.640436 0.740532294613 492904.175045 0.965717044906 486494.662169 0.888936298825 470614.424846
5.650435 0.741015190811 484942.774194 0.965549204387 472493.81826 0.887398060148 459189.306066
5.660434 0.743339676499 482102.245624 0.964013380506 491489.665872 0.887973289763 459596.868306
5.670433 0.742897896113 487983.265039 0.965735697454 497390.961992 0.889260402124 487023.404226
5.680432 0.743522064017 510709.510879 0.966454368857 506503.399389 0.888762487113 477616.508801
5.690431 0.746625253853 494181.243211 0.966996412443 493773.419869 0.889719293563 455031.618825
5.70043 0.744418720642 489703.887224 0.967080577154 495424.564852 0.888770386171 469706.359614
5.710429 0.745345318486 503994.0496 0.966921611665 501574.811624 0.889671800073 477434.380297
5.720428 0.748021483177 499774.67682 0.968297925906 488278.668868 0.89055918211 480208.464521
5.730427 0.746407911924 490327.890317 0.96751098125 492567.282703 0.889830131428 485201.389098
5.740426 0.747903999043 493585.733417 0.967829352329 494768.269652 0.891607300481 486298.371239
5.750425 0.748766407344 509460.780801 0.968945303038 496081.429992 0.891067052796 475950.470242
5.760424 0.750221315288 486864.547942 0.969011027345 481486.830097 0.890908280992 466504.947775
5.770423 0.75333539245 485675.015024 0.967857453954 491845.271111 0.890805109658 458686.135538
5.780422 0.751551954787 493674.038677 0.968888975012 467075.875954 0.892793371902 465239.768573
5.790421 0.753204886793 464636.76989 0.968410451086 498546.783216 0.891678852944 474852.312841
5.80042 0.75119063716 468743.636825 0.968673111572 478741.164076 0.892052702474 454669.071736
5.810419 0.754483518308 463966.035812 0.968157306199 466740.111146 0.892753519681 437970.112847
5.820418 0.75337512054 475558.150741 0.9708266589 480099.63005 0.89299268639 474818.446616
5.830417 0.756864763404 482567.06149 0.968738798958 474500.447428 0.89304053511 456322.723203
5.840416 0.755789346393 476433.257038 0.970543989906 474487.027782 0.894566403664 465909.535235
5.850415 0.757076775156 497148.654928 0.97049689441 488968.577244 0.893016610109 487647.960898
5.860414 0.756389601156 497359.11255 0.97026148547 506518.691166 0.893327735146 487264.996486
5.870413 0.756315232189 513188.376893 0.971987325285 505827.203909 0.893559225105 480374.009458
5.880412 0.759635982437 506150.11078 0.971467985273 481176.399056 0.894774516822 467816.157337
5.890411 0.758408858215 497967.906312 0.971401927261 489970.468394 0.894582408932 465218.095384
5.90041 0.759635982437 472808.599668 0.970930345457 488937.797258 0.893998587482 461379.991596
5.910409 0.759001760884 449583.516895 0.97194953638 479849.168505 0.894038550942 483131.256119
5.920408 0.759042088884 486248.759541 0.97200622084 491849.885255 0.894142472662 467069.114315
5.930407 0.761748059447 480621.164133 0.972507220866 476492.253302 0.895575855275 460689.776372
5.940406 0.76357444469 444952.898243 0.972081810405 483638.20857 0.896571510544 471840.562298
5.950405 0.764344841819 483301.607201 0.972176313896 489591.278109 0.895503676043 479324.377603
5.960404 0.763883584142 491802.01772 0.97226138275 445755.848926 0.896700143472 472592.308819
5.970403 0.767024099897 493775.745054 0.972204668527 486291.605411 0.89781919717 458150.534252
5.980402 0.76381940254 477613.789444 0.973245481708 474387.745985 0.897359966977 460536.507006
5.990401 0.764257218409 489344.51954 0.972497763255 474079.432502 0.897231144687 451554.920128
6.0004 0.765532657623 473317.075758 0.972488305828 494603.738386 0.898286966754 481850.797914
6.010399 0.767707165779 491956.611493 0.973387583468 481714.107205 0.898182079471 474099.795634
6.020398 0.768214362536 494990.735823 0.973624511971 492470.121066 0.897940125352 463686.493705
6.030397 0.768905463073 483783.805605 0.973880524337 466884.025464 0.89805302105 458408.909582
6.040396 0.768480023362 481721.29952 0.97392794881 500976.917794 0.898182079471 484019.959472
6.050395 0.770511002897 485295.703466 0.974981962834 491603.150064 0.899329100491 451646.819265
6.060394 0.771063527924 480526.455681 0.974459418638 483134.038669 0.89855332914 474876.505959
6.070393 0.770831727434 488405.461268 0.975229178857 493459.140215 0.899498979069 465477.790417
6.080392 0.773042463223 480663.023947 0.974858401817 476537.728282 0.899442345746 462077.368663
6.090391 0.771456123433 479097.16035 0.973880524337 471809.247196 0.899709393866 460155.546316
6.10039 0.773203847462 468057.345702 0.974934435659 472647.694516 0.900073806052 454580.372742
6.110389 0.774233508826 470976.413585 0.974772877919 480090.287976 0.900049502723 448822.915062
6.120388 0.775043596202 471736.017932 0.974791881933 469166.244403 0.899094611726 451758.704664
6.130387 0.776240820952 453609.415877 0.975781112781 488801.613837 0.900438513556 459712.727771
6.140386 0.773365299099 466178.293049 0.975723987199 476683.414915 0.90181896886 467394.935696
6.150385 0.775981810986 490350.246502 0.976381335494 502698.964592 0.901762043032 478043.287478
6.160384 0.776295054224 490886.832687 0.975238689669 507704.468178 0.902014197703 474748.041835
6.170383 0.777762222533 489265.17557 0.975590720181 484069.676052 0.901047016633 474117.480826
6.180382 0.777967947721 495559.780098 0.97585729063 496941.319204 0.902022334073 486123.647726
6.190381 0.777224221416 505269.65036 0.976991842118 501351.183361 0.904576251255 462620.155056
6.20038 0.779283526726 496467.805911 0.976009682016 487155.769369 0.902934537246 458418.929996
6.210379 0.778258568627 480162.286295 0.977497996129 475968.293776 0.904306306632 453477.980234
6.220378 0.780688879868 487921.389161 0.977039570103 493232.828063 0.903677061965 467820.853438
6.230377 0.778676716787 499461.040337 0.977058662602 493437.660659 0.903122093076 475601.829698
6.240376 0.782056495761 486895.067439 0.977230528682 486644.242896 0.903016073686 478657.027269
6.250375 0.783760482796 489523.851762 0.978301277661 494208.028354 0.903146562624 464891.17857
6.260374 0.783385950756 475122.340233 0.977813413644 474831.885016 0.902494494784 453413.761418
6.270373 0.785354705453 468235.002551 0.977947288641 472748.38061 0.904224537037 458993.330087
6.280372 0.785681736042 482760.906797 0.978234287112 478778.324808 0.903677061965 486627.304612
6.290371 0.783748197379 519936.77908 0.978186442336 503524.536338 0.905264110804 479103.727463
6.30037 0.786986393005 486354.760458 0.978377849525 506937.432694 0.904568068747 487300.661538
6.310369 0.787947554211 508055.007443 0.978952520803 497096.804779 0.905485430739 470530.480739
6.320368 0.787389174974 497861.510996 0.97867467875 482958.800636 0.904600799667 462650.262194
6.330367 0.788314032778 492853.785557 0.978320419504 486516.105833 0.905608433026 465709.850704
6.340366 0.789035561833 489397.049129 0.978808789703 494093.338469 0.906692295836 471500.564883
6.350365 0.789540171804 490451.161317 0.978483155412 492603.728202 0.906667633779 473861.977649
6.360364 0.788749280266 490990.267532 0.979556652659 486859.461731 0.907852927826 476642.245352
6.370363 0.790207745616 503093.911254 0.979259288274 494544.837133 0.907811719849 475133.642892
6.380362 0.791007823067 489782.801625 0.980209568806 498591.231184 0.906914314736 485126.188438
6.390361 0.793235289452 508664.990644 0.98009428507 503187.462735 0.907704596616 476539.893974
6.40036 0.793008834118 502735.117111 0.979998236003 491869.496334 0.908232216813 476068.238312
6.410359 0.793103174792 499535.396675 0.979431929481 470522.035191 0.90578889684 471945.153011
6.420358 0.7939595557 473518.527299 0.980507510688 478601.862692 0.909082644703 472804.335867
6.430357 0.794666200462 479526.590417 0.980296049407 486076.888221 0.908083761646 472583.256622
6.440356 0.796032573653 490723.149948 0.98066135802 485839.848953 0.907441016334 461403.846513
6.450355 0.795481664148 479400.529885 0.980998067434 500525.549536 0.908471496707 478048.191151
6.460354 0.796159327405 477844.501028 0.980949951933 508411.577465 0.909760823879 478036.749403
6.470353 0.797562648546 504431.677553 0.981315748155 481929.970103 0.910265979719 461492.689711
6.480352 0.798078227628 462307.578694 0.981238715755 452048.891892 0.909777377476 481753.390924
6.490351 0.798384070641 507539.820353 0.980786394531 473985.677494 0.908240465746 461254.666923
6.50035 0.79993600512 478059.088562 0.981652907165 456148.036172 0.908793485768 485590.110147
6.510349 0.798907095094 494753.095521 0.981123189828 497680.743263 0.910009191093 473949.792535
6.520348 0.80030731801 493622.32979 0.981662543684 508109.168925 0.91195111942 487707.499035
6.530347 0.799942404147 506580.479345 0.981807114174 507029.967482 0.911518863883 476646.578655
6.540346 0.802246289611 490971.301214 0.982453382587 493922.275882 0.909512592202 466224.411759
6.550345 0.803296729779 479680.693508 0.982212138178 492067.42501 0.911635200058 465653.494091
6.560344 0.803135440761 491292.201624 0.982067448392 478388.970249 0.91086295156 466195.910355
6.570343 0.802606867104 502073.747061 0.982327920706 483792.733946 0.911510555292 473477.902579
6.580342 0.802987112057 500655.794844 0.982028871649 489260.609793 0.912733545696 479784.398643
6.590341 0.802774388286 507987.937069 0.982588531227 477863.011139 0.911269672034 459288.865626
6.60034 0.802542454496 485663.205284 0.983496921655 489896.071071 0.912525322578 472103.454525
6.610339 0.806978752249 486168.162118 0.982936227098 478723.13227 0.914035007541 489943.568292
6.620338 0.80781316897 504919.903646 0.983622682339 483750.885198 0.91308357454 461124.847595
6.630337 0.807089473939 494559.998491 0.983574309039 488973.707619 0.914068427162 477418.620481
6.640336 0.808427043501 494763.016963 0.983487249088 467934.632239 0.914377674555 467689.398248
6.650335 0.807943702483 488655.827853 0.984067940051 488176.373231 0.915667063456 468313.946348
6.660334 0.808695089603 483259.843372 0.983583983318 462978.122171 0.914452928536 439299.93611
6.670333 0.80832248834 472777.155945 0.983487249088 484979.782411 0.914963309971 472656.749182
6.680332 0.810510702794 492628.028198 0.984271343924 489658.151388 0.914519831363 481151.007832
6.690331 0.80988054262 492128.624698 0.983525940497 491859.690599 0.917582720082 473594.984819
6.70033 0.813021349941 491434.382916 0.984261656119 497873.92144 0.916892833566 483241.469574
6.710329 0.812677773263 502275.163132 0.983845260817 497400.989512 0.914202130091 470521.507355
6.720328 0.812968473083 492625.135215 0.984911161013 496714.155446 0.916791961568 475115.881812
6.730327 0.814876383253 499356.384131 0.984629926842 490205.254189 0.914386035496 477504.496915
6.740326 0.815082282556 498770.881693 0.984726885998 504892.552592 0.917709031175 491625.046445
6.750325 0.814703773708 506536.430783 0.985211968355 497195.800814 0.917574300579 482625.365337
6.760324 0.814438363305 499001.711997 0.985211968355 498815.369631 0.91602773732 469615.903531
6.770323 0.815960181143 495901.952369 0.98523138159 496061.481619 0.917203995341 482206.446198
6.780322 0.817374103954 484195.968558 0.985580950691 488589.228052 0.919641707591 474575.074508
6.790321 0.81776847339 495140.326811 0.984746280121 496652.398122 0.918012319725 470752.284846
6.80032 0.818544954489 479133.829035 0.984852961453 475524.722886 0.918054458991 469929.493277
6.810319 0.818102982803 487945.797037 0.985736394373 473961.039475 0.917961757713 480780.931552
6.820318 0.820788942331 489002.211659 0.98566838173 486778.661746 0.919447228326 473081.642965
6.830317 0.821254054942 491693.052907 0.985386715016 499997.496617 0.918602621692 480593.628757
6.840316 0.820539751048 482418.311704 0.986251651972 506890.871671 0.920149432268 485477.137119
6.850315 0.82055995011 492620.506514 0.986018261058 478041.1081 0.919058516456 466944.839042
6.860314 0.821753457528 496295.095507 0.986134942706 484355.325213 0.918948722661 474516.015169
6.870313 0.822084477401 510685.881545 0.986582478295 483786.03766 0.920217171252 468327.019081
6.880312 0.823228207091 506316.302831 0.986339202052 500324.937136 0.920276451046 487976.452247
6.890311 0.824857918224 509515.24244 0.986300288986 506398.216989 0.920437391849 490559.576329
6.90031 0.825572947626 511482.398793 0.985765545523 505423.083412 0.921217481023 483762.602117
6.910309 0.824585851756 496298.031754 0.986387847702 488916.139591 0.920200235571 462950.01628
6.920308 0.82641213173 493289.096561 0.986533813446 489226.939824 0.92082727122 490458.616899
6.930307 0.826398472816 514411.302983 0.98724479722 509068.753285 0.922049901341 487462.635222
6.940306 0.828102485964 502704.989651 0.987586043434 503994.0496 0.921735443493 483863.61434
6.950305 0.829600132736 496408.459872 0.987508023503 504701.178152 0.921956391463 479296.990612
6.960304 0.82590705242 503314.265417 0.98665061715 498502.343172 0.922160437473 477014.655139
6.970303 0.829827312936 501990.221834 0.98665061715 486251.014399 0.921098686513 491299.107315
6.980302 0.829386834313 502883.99976 0.987420265814 494949.263707 0.924513474784 476126.603717
6.990301 0.828933080232 488290.606151 0.987235050793 500630.69644 0.922075407327 480954.040914
7.0003 0.829091150281 513052.157745 0.987878728007 514152.133381 0.924026538042 479865.089199
7.010299 0.831117021277 513898.26189 0.988191116162 492639.600467 0.923540113965 483797.19824
7.020298 0.83187062748 495798.196154 0.987829935198 490982.795777 0.923778995113 476976.140412
7.030297 0.831317388666 489996.799013 0.988220412681 486643.678268 0.924504927611 472246.442083
7.040296 0.833166699993 497663.61849 0.987898246481 499413.463897 0.923403665913 487464.334817
7.050295 0.833375002083 501333.205838 0.988132528335 497663.61849 0.924445101828 470685.72166
7.060294 0.835024257455 495828.087559 0.988034897393 494553.000825 0.924855491329 480480.766697
7.070293 0.837584072501 498206.870338 0.987947046038 491096.620999 0.923830200009 483978.071405
7.080292 0.836687053941 503415.753587 0.988611198988 475495.073076 0.924351105524 479078.554508
7.090291 0.835393971797 499495.538925 0.988992513327 498395.127156 0.925077937816 472569.945198
7.10029 0.837843725388 487498.329213 0.988630746416 487778.396728 0.925643090537 467924.191511
7.110289 0.839088079076 499618.106925 0.988572106449 491149.527446 0.92583162826 470168.122804
7.120288 0.837612135325 496911.882134 0.988855597417 490174.891168 0.927712631735 473628.141907
7.130287 0.837338602984 495817.53724 0.989051203181 492726.988651 0.925685933277 480168.882641
7.140286 0.838026280504 503018.491845 0.989100116714 492669.112214 0.92640628474 474073.002403
7.150285 0.839708117458 494064.237831 0.989472017731 490763.916841 0.926509283623 479719.646264
7.160284 0.840654028834 499119.286099 0.989197958295 485998.600277 0.92769541904 474421.550796
7.170283 0.843561516724 502411.736944 0.989638485061 493800.160821 0.927282505888 475091.126158
7.180282 0.842616154637 499258.308763 0.989413277926 495022.866888 0.927781488904 482245.810261
7.190281 0.840230223081 496798.287745 0.989834400705 496807.702922 0.926646651099 470143.353065
7.20028 0.842389015247 493907.735207 0.989364333416 487954.87966 0.929342118714 469875.795533
7.210279 0.84595211911 495172.4773 0.989844198523 483564.049146 0.927790096769 476576.172237
7.220278 0.842822105538 496763.572364 0.989432857086 506290.633699 0.929255759063 488818.134141
7.230277 0.845472915275 515479.739944 0.990216659405 491182.88737 0.927910623649 481897.85517
7.240276 0.846252792634 507758.554942 0.989736433188 500545.858564 0.929955734107 479422.996691
7.250275 0.84462312916 490258.541791 0.990138223296 490549.822753 0.929575369971 468019.741548
7.260274 0.846317250485 490918.433154 0.989912788683 483720.200717 0.929463049196 472337.382558
7.270273 0.845337120444 494315.197971 0.989844198523 489900.648715 0.931679912049 484202.676198
7.280272 0.845837633008 497586.866747 0.989873593142 500921.274832 0.930076824346 469247.602468
7.290271 0.84793189411 484933.24269 0.990304914883 497136.280614 0.929774157857 457760.019732
7.30027 0.849141517925 492650.015974 0.990393186095 481396.752816 0.930275826783 457452.477579
7.310269 0.849790951426 493988.010411 0.990559963547 474410.28199 0.931038014282 465968.024512
7.320268 0.850369060172 492428.492097 0.990815143619 486241.995094 0.932279236277 466470.186552
7.330267 0.850752490578 507163.620359 0.9910213466 510009.022395 0.93271401123 492315.204442
7.340266 0.851505888163 523861.707535 0.990942782964 499233.350275 0.933732971045 482343.971195
7.350265 0.851194225498 517751.388717 0.990815143619 507356.867147 0.932114128054 489992.219572
7.360264 0.852682111582 508380.765837 0.991139215414 502942.491963 0.932218400127 487507.96182
7.370263 0.853708509766 495778.270552 0.990324529348 491888.532111 0.931159386552 484517.0256
7.380262 0.853774108446 506018.822922 0.99103116793 487988.374758 0.932409626197 452461.930796
7.390261 0.855037023103 487911.740209 0.991571641051 481447.589837 0.932914143911 463611.151947
7.40026 0.85513938772 489229.793031 0.991424180836 482472.139656 0.93355863215 478977.342154
7.410259 0.855900578589 494059.00008 0.991237460846 491137.449971 0.932566142254 474464.484484
7.420258 0.854861597907 492433.695333 0.991355381077 483486.568486 0.934561970804 475016.336705
7.430257 0.857265323618 490338.208303 0.991994603549 469124.788887 0.934640583963 444903.340776
7.440256 0.857162449427 484831.783425 0.991787995398 467226.242978 0.934369860966 446781.467902
7.450255 0.85724327707 464308.61333 0.991925724602 455456.558305 0.935409943408 439595.065238
7.460254 0.858022943534 442948.296874 0.991463499271 444570.88346 0.935891436593 401398.380551
7.470253 0.858863037111 475694.067184 0.992171764776 480508.289141 0.935199992518 435143.880675
7.480252 0.857802139359 452216.552255 0.992014285006 440944.524284 0.936496193143 452708.064398
7.490251 0.859793477607 481746.197651 0.992122546977 474450.530183 0.936049123858 464532.82062
7.50025 0.860888953934 492834.095914 0.991758486973 483692.309112 0.935777584384 454399.140236
7.510249 0.859497881338 469128.98658 0.992437625295 473886.605369 0.936680404646 477233.3848
7.520248 0.862894666448 499376.003829 0.992348989293 481352.555436 0.937347681002 485488.937812
7.530247 0.863058506736 501330.808932 0.992477024157 485399.042234 0.93704026462 470130.178735
7.540246 0.862291972062 501079.859937 0.992575534998 482032.434271 0.936276988184 471349.023601
7.550245 0.86386371686 498516.563124 0.992230832581 489377.634706 0.93605788582 475495.073076
7.560244 0.8651641649 499970.080259 0.992644504224 492075.507115 0.938914239573 474913.069127
7.570243 0.8659208202 502353.368123 0.992950054612 493325.648957 0.93788394624 465887.799601
7.580242 0.864872344842 499094.341509 0.992743048317 491096.045992 0.937558597412 478711.658192
7.590241 0.865635982757 493157.436802 0.992693773825 496931.310209 0.937769608763 480311.847979
7.60024 0.866498565945 508148.566347 0.99285146942 485920.337548 0.939364050538 479834.895677
7.610239 0.86653610856 509395.813395 0.99277261536 490648.523891 0.939037674191 479869.4813
7.620238 0.866123318638 504953.336736 0.992437625295 495911.333602 0.938746773058 481298.976998
7.630237 0.868357068427 512027.501477 0.993117694378 514975.315145 0.940185404562 493688.565594
7.640236 0.87040534777 510136.805029 0.993690068068 494222.586715 0.939664164028 477140.006666
7.650235 0.868078161758 504078.243041 0.99317687487 494351.902598 0.940742622226 474824.896953
7.660234 0.869784554366 513655.963623 0.993245927692 501190.629825 0.940901948608 494689.491028
7.670233 0.873354817862 512478.571909 0.993334724002 492506.552187 0.940583349794 471353.790898
7.680232 0.871923201004 495729.049461 0.993877713286 495685.110316 0.941389113776 485677.264564
7.690231 0.872212191782 512484.207491 0.993640699523 504772.243149 0.942364959101 478029.666691
7.70023 0.871763577718 500520.77118 0.993038798026 500137.60538 0.941513200015 474111.049694
7.710229 0.873927254295 501004.444689 0.993541977149 495003.003556 0.940990486586 473574.665027
7.720228 0.874684020398 491603.72626 0.993502493691 503188.066405 0.941885655081 479322.186529
7.730227 0.874791143614 491287.022482 0.993877713286 497894.015852 0.941096754157 482057.364576
7.740226 0.873728724706 496120.157886 0.993314990117 495748.971106 0.942933655188 480834.394707
7.750225 0.875411443378 502555.610805 0.99414448896 495606.625097 0.942595909134 484989.876541
7.760224 0.876439551964 504884.651728 0.993739441518 500628.306247 0.94313819804 488913.859948
7.770223 0.876985275417 508926.684196 0.993798696136 414590.061037 0.94319157164 411703.951934
7.780222 0.877701125213 441027.981271 0.994114840146 453346.130732 0.943859251708 476933.293307
7.790221 0.87890453339 505132.126917 0.993660446352 493927.510734 0.944064196365 473756.000587
7.80022 0.878140449784 502328.099232 0.994441074394 494642.819236 0.944287063267 479147.512817
7.810219 0.882145377558 505643.044778 0.994203791893 495233.282365 0.944019635608 492178.866005
7.820218 0.878773232567 501409.319512 0.994658682873 499852.10503 0.943351728692 474275.098065
7.830217 0.880436696602 504349.791854 0.994065429387 498969.655945 0.944188988868 482439.397512
7.840216 0.88019645985 504943.61029 0.994520193733 509260.981586 0.945027736564 487859.528972
7.850215 0.881507730823 493491.072742 0.994421296526 493997.901191 0.944706338035 484911.938328
7.860214 0.881624304619 502174.735521 0.994006142958 494995.409174 0.945072392545 479055.572815
7.870213 0.884822637302 488428.780041 0.994995174273 496605.943211 0.945733794851 481047.262851
7.880212 0.882861885087 498050.098261 0.994975374359 493817.602132 0.945912711175 471889.931832
7.890211 0.882386679491 495488.94386 0.994925878022 485594.607674 0.94651257442 476074.72265
7.90021 0.8831815733 488403.186384 0.994925878022 487279.714763 0.946763489013 479082.932223
7.910209 0.884987079189 497146.297868 0.995153601958 503238.17614 0.947579880984 484536.056273
7.920208 0.884486113568 515453.766755 0.994896182583 508152.875811 0.946575290599 478858.130579
7.930207 0.885668990072 509969.956022 0.994826900119 496336.793475 0.946951762277 485385.560768
7.940206 0.887437435661 511880.652826 0.995242739704 483758.138462 0.946521533365 472690.307734
7.950205 0.887350814144 480884.561675 0.995044677506 491019.581996 0.947975125133 480995.958734
7.960204 0.887579216445 496672.39405 0.995708496381 487099.194266 0.947984111786 477311.046776
7.970203 0.887799854401 495383.020011 0.995094185665 488964.017002 0.948487636464 479110.842039
7.980202 0.889513525053 504688.425015 0.995163505364 484569.083637 0.948649597298 483613.114489
7.990201 0.888920494951 495189.431057 0.995153601958 472125.774015 0.949875091425 468941.737597
8.0002 0.890313390313 503763.418905 0.995599450429 503889.906714 0.948622599985 447059.099402
8.010199 0.893479387431 482769.797422 0.995411154577 460585.562337 0.949920206703 468913.427236
8.020198 0.892012916347 503030.557431 0.99564901381 461789.419909 0.948451652677 443017.071926
8.030197 0.891981090001 480794.709578 0.995401246242 498910.303761 0.949045734514 459712.727771
8.040196 0.893495353824 494978.468699 0.995193216763 490359.41886 0.949532355315 482122.749625
8.050195 0.894006579888 507238.447677 0.995381430164 489440.451644 0.949469246691 479044.082795
8.060194 0.894374385118 493393.546353 0.995480518446 493556.692539 0.95113994122 480448.294269
8.070193 0.893726930674 497349.086718 0.995787817532 496721.802659 0.951257562498 475481.597112
8.080192 0.894430382011 504423.791106 0.995886986745 498526.636081 0.950028500855 475680.579939
8.090191 0.894110494175 501282.87563 0.996055619746 491151.827985 0.951891408228 477974.646616
8.10019 0.895872714405 508006.395039 0.995837399669 508952.003747 0.95112184822 496416.097676
8.110189 0.896627782908 494459.717539 0.995896904752 505632.682191 0.950660709193 457957.443835
8.120188 0.89707821625 477274.65655 0.995926659961 470377.979742 0.952780212661 469159.422105
8.130187 0.898044956131 504086.118686 0.996055619746 471613.489372 0.952045469692 496410.809941
8.140186 0.89832731454 492984.703772 0.995956416947 502868.926655 0.952580540685 478148.46608
8.150185 0.898642151709 491584.136368 0.996065541113 500726.322877 0.953079877625 476930.581724
8.160184 0.899976600608 493729.826701 0.996432770681 483783.247595 0.954462589839 466437.505352
8.170183 0.900990188217 492856.102089 0.996234234593 488961.736912 0.952871000324 472236.871438
8.180182 0.902820410964 483423.041725 0.996164765652 483842.403856 0.954763314174 472321.957438
8.190181 0.900470946305 497953.126465 0.996462557919 485467.584598 0.954681279655 480145.796224
8.20018 0.900998306123 505412.729838 0.996512207275 448273.672938 0.954489920586 477117.753318
8.210179 0.902608538677 502530.321565 0.996651251794 481960.427873 0.953807121124 472252.822728
8.220178 0.904363554149 477515.913197 0.996690985927 484284.859863 0.955812775394 480651.45669
8.230177 0.902063018122 486878.676863 0.996283861198 474025.853671 0.955027743556 478667.952456
8.240176 0.903073157957 497025.528481 0.996134996215 475565.699617 0.956324653093 470834.19396
8.250175 0.905813511114 485924.841194 0.996631385916 472525.224304 0.954590146721 473195.326153
8.260174 0.905911981592 504721.827456 0.996601588583 488613.133584 0.956059505144 457176.242074
8.270173 0.906002265006 492805.143413 0.996561861578 492356.236295 0.956718074318 495910.747265
8.280172 0.906084356454 519054.631676 0.99703879478 489665.58288 0.956535047444 481065.470169
8.290171 0.906799180254 500152.515189 0.996740658048 496378.498451 0.955091593284 484695.6369
8.30017 0.906881416186 498245.930811 0.996730723228 492848.57344 0.956141776703 476847.080063
8.310169 0.908430232558 500435.373468 0.997068618262 492620.506514 0.957056858748 476306.112947
8.320168 0.908413727948 497032.596292 0.996939396054 497079.720167 0.958249087268 483521.682543
8.330167 0.908595311648 499154.331522 0.996810207337 495761.276451 0.958662474116 480759.990463
8.340166 0.90949604824 501962.586512 0.997207818109 496699.449928 0.958947459269 489023.876953
8.350165 0.911286280585 514252.365095 0.997048735742 497014.927142 0.959343041885 474966.84872
8.360164 0.911302889741 488340.635402 0.997058676903 505983.417396 0.957011063048 460210.074952
8.370163 0.911402557396 499360.545757 0.996969213591 477735.102898 0.958386843265 473296.245726
8.380162 0.910547785548 489380.489672 0.997197873974 493588.056835 0.958625714176 471566.828566
8.390161 0.912258935576 486873.590357 0.997138213328 476492.253302 0.958956655159 472940.282368
8.40016 0.912575287461 490862.70416 0.997138213328 497166.333587 0.958947459269 487250.845134
8.410159 0.912600271955 501343.992197 0.99725754176 496810.645238 0.958883092973 484566.284533
8.420158 0.914394396591 525942.087866 0.997177986299 507074.101925 0.960374930373 481969.289038
8.430157 0.914636934869 508161.494958 0.997317216687 497181.066764 0.959923206144 500868.634808
8.440156 0.914302432959 512153.170809 0.997347056829 497230.576634 0.960043009927 489447.305376
8.450155 0.915960613694 479887.599569 0.997436587969 476408.363916 0.960910174117 458295.208573
8.460154 0.915164271987 501680.39988 0.99740674247 478432.625052 0.960236602299 466755.69325
8.470153 0.916010955491 470676.742354 0.99755598783 481143.832536 0.961353585849 469686.898096
8.480152 0.917380694641 483009.968124 0.997784917483 483619.80599 0.960707080411 456425.016894
8.490151 0.917759565349 483813.940076 0.997536085868 476045.004216 0.961427527593 465938.001633
8.50015 0.91963325026 469624.842406 0.99792431742 455112.098768 0.962056491957 485413.086223
8.510149 0.919988592141 487407.688026 0.99755598783 512379.030386 0.962714083544 501260.709578
8.520148 0.920513646615 516542.446022 0.997665462817 496408.459872 0.962130541872 481995.320594
8.530147 0.920488226956 502318.473657 0.997725186575 496484.848485 0.963558227824 487326.705985
8.540146 0.920530593834 510480.150042 0.997874527257 491147.226929 0.962908754766 488142.852321
8.550145 0.920920552184 500495.686312 0.997994031996 494107.307994 0.962778965205 481577.494027
8.560144 0.921370261853 496627.699492 0.997904400758 503243.610325 0.96445035974 479945.8069
8.570143 0.921820410948 511818.189584 0.99779487333 495439.780198 0.964543385161 477204.064474
8.580142 0.923523055753 511302.825615 0.997824742062 488238.313803 0.963020030817 487948.067661
8.590141 0.923582762251 506971.133507 0.997954193902 494486.53288 0.964069143039 481621.732725
8.60014 0.924958145644 500342.245556 0.997954193902 498084.993694 0.965502592374 499522.903263
8.610139 0.924701552574 512181.939629 0.997814785619 504553.645539 0.963604652283 472058.821874
8.620138 0.924188793287 510399.394477 0.998412524087 494136.995855 0.964887735312 481132.242127
8.630137 0.926595133522 517509.913903 0.998013952235 493076.851637 0.964571296287 488837.504196
8.640136 0.925934499394 499640.127939 0.998243092158 489711.320105 0.964729489851 480166.683839
8.650135 0.92674970344 495025.203856 0.998163379382 492322.716805 0.966052901057 475463.81001
8.660134 0.92727390744 507490.692443 0.997984072174 502833.960531 0.965773004713 481665.426416
8.670133 0.92988655384 504683.566846 0.998183306382 488257.069552 0.966034236253 485623.281367
8.680132 0.928953626635 503144.605803 0.998173342783 492106.683437 0.966902913278 484606.594747
8.690131 0.929687717896 510926.629968 0.99828295332 497094.448211 0.966239588768 484099.287408
8.70013 0.930422970282 504819.023341 0.998163379382 492368.373788 0.966865518675 482255.236413
8.710129 0.931827500093 503854.193195 0.998163379382 489457.015159 0.967211529161 481665.426416
8.720128 0.930925339788 507243.355158 0.998233127365 497460.573117 0.968185426873 480019.409965
8.730127 0.931020677969 504349.791854 0.998272987731 492593.893171 0.967951137827 473213.477822
8.740126 0.93271401123 505921.774771 0.99825305715 494988.399181 0.968260423323 479503.565721
8.750125 0.932679214311 506567.631056 0.998522187163 485750.385943 0.969274013764 479975.465121
8.760124 0.93318402389 514813.50103 0.998392587933 491373.931421 0.968429207825 476122.279863
8.770123 0.93329724584 510248.512187 0.998472337324 498305.717032 0.968813881165 492426.757709
8.780122 0.933427920696 507743.188212 0.998442429809 506444.687546 0.969828631281 487712.03587
8.790121 0.934038220844 496544.212791 0.998631874332 492477.638157 0.969800415075 486871.329722
8.80012 0.934963910393 504546.362213 0.998392587933 491284.720677 0.970638194613 482653.689432
8.810119 0.935523706171 511658.353126 0.998591985301 498584.118976 0.969114326417 489667.869539
8.820118 0.936075410235 518795.896936 0.998721636306 517017.442219 0.970949199938 486085.901401
8.830117 0.936461113452 515769.423263 0.998522187163 485149.756286 0.970600510536 466204.719508
8.840116 0.936943689684 494848.241021 0.998591985301 488479.406507 0.9708266589 493052.507344
8.850115 0.939434648229 493035.699592 0.998761535696 497645.904448 0.970120294917 489433.026983
8.860114 0.938870163645 496899.519604 0.998661793197 487919.118785 0.971581248482 475091.126158
8.870113 0.939514083316 500623.525929 0.998731610854 496677.099209 0.972015668893 476498.749196
8.880112 0.9397524692 497973.227271 0.998751560549 485694.136774 0.971817298348 468421.687447
8.890111 0.941141039396 484418.537772 0.998771511041 481568.09435 0.972327557708 482283.51708
8.90011 0.941912270291 495118.116185 0.998731610854 483591.368393 0.972242477274 472076.886454
8.910109 0.941752601592 494927.070218 0.998841344041 474324.441997 0.973037140828 462954.615193
8.920108 0.941247340976 486627.304612 0.998951101344 476855.754199 0.972668028402 471257.933784
8.930107 0.942373839702 501019.406226 0.998781486586 495316.328784 0.972705873198 460914.553471
8.940106 0.943102618996 491731.67512 0.9988313673 482618.701327 0.97371931567 467088.879658
8.950105 0.943957257615 510295.071277 0.99902095946 493902.500774 0.973008737618 478789.802083
8.960104 0.943538647343 502883.99976 0.99890120867 487726.214023 0.973624511971 474777.061123
8.970103 0.944563564405 500545.858564 0.9988313673 487210.659778 0.974411942393 481709.128036
8.980102 0.943227157396 492351.034696 0.999140738964 491466.053921 0.974459418638 466572.409704
8.990101 0.946190165299 482318.456601 0.99894112241 477315.935438 0.974820389343 469971.091141
9.0001 0.945885869411 518984.625855 0.999140738964 496581.249201 0.975143589894 470585.912168
9.010099 0.946718673079 503089.083734 0.999090827347 504629.526027 0.97508653893 467067.033849
9.020098 0.947714586275 497581.554041 0.999150721886 478107.588068 0.975524100323 468511.160682
9.030097 0.947409309244 498822.488437 0.999140738964 486619.965055 0.975781112781 485748.135726
9.040096 0.947534987729 509774.713895 0.999120773719 498167.224303 0.975134080936 493839.696229
9.050095 0.949252937938 520898.901522 0.999110791396 503953.477195 0.976409935948 475233.237176
9.060094 0.951230416544 488021.874455 0.999040920716 468689.162265 0.976152592173 472601.361363
9.070093 0.950037526482 496874.79639 0.999270532511 471031.421156 0.976905943496 458202.586461
9.080092 0.950227104278 488038.342093 0.999300489657 478645.556359 0.976896400137 455307.244983
9.090091 0.949911183304 481461.406101 0.999240577161 475807.390248 0.976266950435 483156.856782
9.10009 0.952698518554 520957.777408 0.999230592444 496196.457788 0.976572036836 466973.432095
9.110089 0.952607763753 488033.231328 0.999090827347 507114.565248 0.977412008484 496978.414879
9.120088 0.953270671675 503585.596143 0.999350422226 494533.175182 0.978377849525 485121.699584
9.130087 0.953916303384 516451.494141 0.999300489657 499577.640935 0.978349133672 468553.031242
9.140086 0.953843512433 480715.909924 0.999490259967 482585.939289 0.97867467875 491813.551213
9.150085 0.954982141834 487702.395196 0.999280518027 474610.517168 0.978492729799 475465.965951
9.160084 0.955995525941 506757.974758 0.999260547195 498209.237465 0.978148169885 483627.055324
9.170083 0.955593566944 520708.131595 0.999290503742 491255.374546 0.978425713028 476832.985265
9.180082 0.957185110028 496310.364372 0.999350422226 488636.472193 0.97885669538 480940.253754
9.190081 0.957964516994 503028.144268 0.999330448599 493515.460363 0.979355192541 487883.36315
9.20008 0.9562606384 508939.652432 0.999460291443 496770.632727 0.979998236003 488708.20968
9.210079 0.957771839592 507954.100942 0.999380384162 460365.148252 0.980719063217 460529.933374
9.220078 0.958405213724 494276.168871 0.999510239982 467869.385333 0.97947030246 458610.404038
9.230077 0.958487889506 501934.954232 0.999390371873 492467.80816 0.980603659613 485302.441609
9.240076 0.959131410595 507075.941027 0.999380384162 498179.058279 0.980863355926 488493.629312
9.250075 0.959821857063 494029.321589 0.999510239982 495054.41781 0.981026939 473693.400057
9.260074 0.960670163506 508696.453694 0.999510239982 490825.941442 0.981113563895 484524.301857
9.270073 0.961473746959 500997.263468 0.999570184821 494432.322261 0.98176855788 502926.812306
9.280072 0.961242694556 504734.582282 0.999540211503 497413.377007 0.982086737901 479971.07108
9.290071 0.961547707189 502499.616623 0.999570184821 502363.59673 0.982414775518 481669.851536
9.30007 0.962250897299 488469.735472 0.999640129553 480653.659934 0.982569222002 481027.953566
9.310069 0.962936571368 502866.515042 0.999620144345 478872.345357 0.982617496487 467423.062993
9.320068 0.963530375295 513766.700189 0.999530220796 497097.393924 0.983642032991 434042.887863
9.330067 0.964831878045 494494.111655 0.999610152041 463201.046047 0.98381622313 468561.929701
9.340066 0.965605144744 511516.706627 0.999670108864 494127.099505 0.983583983318 461535.3466
9.350065 0.965306871054 504667.778444 0.999570184821 498753.088739 0.983197160527 497428.12483
9.360064 0.965950253562 511805.074239 0.999580176326 497176.352052 0.98363235757 472576.334588
9.370063 0.966800085078 505135.168661 0.999570184821 504854.266095 0.984571760513 489124.246513
9.380062 0.966818779488 511427.51583 0.999630136849 499577.640935 0.984406993227 480303.047654
9.390061 0.968429207825 513745.304177 0.999740067582 494929.406281 0.985008175568 485291.211474
9.40006 0.967773153973 503384.940352 0.99973007288 498124.035059 0.985347877068 489987.067802
9.410059 0.968382317339 507544.733667 0.99973007288 496697.097126 0.985260502877 489968.178908
9.420058 0.969866255443 509668.168584 0.999680102367 488491.353608 0.985066393475 473753.860125
9.430057 0.969499544335 501650.398696 0.99973007288 485363.654984 0.986144667423 486717.655755
9.440056 0.970854934856 514771.168031 0.999770052888 496867.144465 0.985882167363 484303.313092
9.450055 0.970402717128 502108.607534 0.999720078378 493009.04137 0.986203019754 488942.357012
9.460054 0.971496298599 508148.566347 0.999620144345 505809.513932 0.987020678083 482218.088421
9.470053 0.972791034758 504372.838473 0.999800039992 496743.569094 0.986183568209 479655.459888
9.480052 0.97263018655 508639.082818 0.99969009607 494244.717067 0.986679822398 492516.383731
9.490051 0.972355921161 494462.049193 0.999740067582 467663.324651 0.987215558517 462817.19825
9.50005 0.972970869252 501555.018774 0.999860019597 497418.686122 0.987381267403 479956.790999
9.510049 0.973397058394 507019.547971 0.999850022497 489002.211659 0.987673830594 480438.938621
9.520048 0.975381374117 506236.859193 0.999770052888 487700.126858 0.98752752733 481280.752001
9.530047 0.975077031085 504591.886452 0.999760057586 501233.154517 0.988239944659 493076.851637
9.540046 0.975571685007 507107.2078 0.999850022497 496354.414441 0.988611198988 492234.894272
9.550045 0.97599063049 518545.753957 0.999840025596 505188.100876 0.988454847383 486419.060122
9.560044 0.975524100323 505203.313335 0.999810036093 491064.997588 0.989207743518 491064.997588
9.570043 0.976743731747 521814.598802 0.999880014398 500723.333998 0.989178388431 484121.079209
9.580042 0.978540604542 500382.835512 0.999840025596 489416.465092 0.989893190525 468355.781664
9.590041 0.978186442336 505750.352999 0.999800039992 491966.421092 0.98954055632 486381.267909
9.60004 0.979297647727 519547.775979 0.999880014398 495257.84249 0.989942187376 491352.057402
9.610039 0.978808789703 516413.977872 0.999890012099 503002.807449 0.990658094172 491137.449971
9.620038 0.979911807937 513131.243929 0.999790044091 501069.683539 0.990099009901 498094.457705
9.630037 0.980084679316 510592.007635 0.999900009999 497591.589247 0.991158862943 474351.800122
9.640036 0.981229087555 489552.991379 0.9999300049 480949.628937 0.991207985172 486229.594096
9.650035 0.981537283694 512137.536936 0.999870016898 487155.769369 0.99145366937 486549.40369
9.660034 0.982395473122 506301.023272 0.999880014398 491964.112916 0.991542145499 482215.870811
9.670033 0.98218319681 505739.986013 0.999920006399 501507.04259 0.991807668657 472551.842864
9.680032 0.983603332448 508538.560773 0.9999300049 501975.20226 0.991974922874 487522.128111
9.690031 0.983351853127 506365.203618 0.999910008099 480900.55115 0.991709310167 454372.066268
9.70003 0.984290720107 507897.512403 0.9999400036 499999.880791 0.992388381117 485168.836697
9.710029 0.984901460609 487065.821118 0.9999600016 480235.955777 0.992211142531 473529.75378
9.720028 0.9844360658 479435.052918 0.999860019597 465504.137515 0.993226197334 469836.846026
9.730027 0.985765545523 484982.025515 0.9999500025 453576.549824 0.993078244635 455618.342469
9.740026 0.986115493847 484251.871231 0.9999300049 471464.525259 0.993601208219 463005.720367
9.750025 0.986329473497 482308.473364 0.9999800004 492014.320638 0.993897469537 453140.422295
9.760024 0.987303279821 472003.042927 0.9999500025 490544.659252 0.994016023538 490443.705961
9.770023 0.987595796792 482779.244069 0.9999500025 458772.42971 0.994302645839 481132.794039
9.780022 0.988630746416 515665.429438 0.9999700009 490807.562148 0.994797210589 490515.975113
9.790021 0.98814229249 499822.322111 0.9999700009 490044.888317 0.994431185362 488940.077124
9.80002 0.989217528935 505170.455572 0.9999700009 438110.557971 0.995005074526 447846.244194
9.810019 0.989942187376 525163.710487 0.9999500025 482834.820067 0.995242739704 483647.689233
9.820018 0.990540339755 469399.37127 0.9999700009 444247.392063 0.995658927078 408413.44726
9.830017 0.99117851125 452744.714313 0.9999600016 487250.845134 0.995401246242 474210.215697
9.840016 0.991404522787 502990.139997 0.9999400036 473682.165815 0.995569714769 493697.863269
9.850015 0.991787995398 502058.722488 0.9999800004 485604.165195 0.996273935481 475769.070219
9.860014 0.992693773825 505025.080854 0.9999800004 486253.833 0.996601588583 478587.663968
9.870013 0.993512364261 504660.491822 0.9999800004 496366.749862 0.996969213591 457333.266457
9.880012 0.993808572593 502356.376493 1.0 497809.512054 0.997028854015 495324.517967
9.890011 0.994352080185 522152.396698 1.0 505515.675394 0.997267487085 473646.326797
9.90001 0.994431185362 499822.917734 0.9999500025 484987.072574 0.997486334437 486995.130402
9.910009 0.994935776896 511082.272921 0.9999900001 502502.626746 0.997964153128 486258.34283
9.920008 0.995867151322 501148.112347 1.0 493264.731305 0.998193270181 488536.302698
9.930007 0.99634341965 525259.730501 1.0 514941.174015 0.998233127365 501751.216904
9.940006 0.996909580301 524086.881659 1.0 508150.413251 0.998562070618 485432.187354
9.950005 0.997138213328 504729.115849 1.0 483734.705623 0.998731610854 489234.358233
9.960004 0.99791435899 512478.571909 1.0 446699.625328 0.99906088277 396416.44338
9.970003 0.998482306894 471943.028881 1.0 479997.985848 0.999430324715 467069.634434
9.980002 0.998891230734 478500.851633 1.0 484547.81126 0.999470280751 405470.457615
9.990001 0.999530220796 500816.60384 1.0 484973.053224 0.999830028895 487351.054398
9.9950005 0.999780048389 501178.053481 1.0 495341.482138 0.999810036093 485439.491124
