# energy, two eff, two rate, three-lin eff, three-lin rate, three-inv eff, three-inv rate
0.001 0.666200326438 441399.748271 1.0 477101.471696 0.998582013541 436382.099018
0.001999 0.663231129416 442474.003635 0.9999800004 457255.987014 0.996849954145 431704.181587
0.002998 0.661467531866 432235.818355 1.0 465950.942055 0.995688668067 428680.028985
0.003997 0.662352543765 432606.735964 0.9999500025 461418.059126 0.993838203141 440082.596068
0.004996 0.658835310937 432207.757948 0.9999500025 444406.959964 0.992654357753 414303.395481
0.005995 0.658093896837 425227.957979 0.9999700009 460865.428039 0.991227635426 426243.042549
0.006994 0.654360330059 432339.183336 0.9999300049 450939.819917 0.989217528935 429276.72013
0.007993 0.657691371747 428538.996368 0.999830028895 451677.460624 0.988445077049 424859.251516
0.008992 0.655707606864 429940.731113 0.999790044091 452855.677561 0.987186321546 417564.720827
0.009991 0.655888236644 426390.37001 0.999750062484 443582.584564 0.985551810459 419069.162382
0.01099 0.652703170179 424434.053051 0.99969009607 447844.331453 0.984126046864 426540.835732
0.011989 0.651652590971 429511.023727 0.999650122457 444237.511095 0.982685088736 423232.295712
0.012988 0.650279620237 420563.819494 0.999670108864 445780.010649 0.981286859588 404015.978377
0.013987 0.648466377018 402951.303492 0.999580176326 426776.069712 0.97957584366 394988.138972
0.014986 0.646015698181 404596.28192 0.999570184821 432443.489486 0.978531029219 405840.820138
0.015985 0.646241138418 417534.792044 0.999510239982 436271.800307 0.976162121005 402072.912373
0.016984 0.643815508228 413960.328223 0.999450302334 441438.771386 0.975096046961 429278.477554
0.017983 0.644313290895 420742.69647 0.999430324715 433835.921783 0.973520249221 420106.351119
0.018982 0.642929702066 437422.460652 0.999330448599 453440.721301 0.971184942749 423760.811735
0.019981 0.641128385959 429601.208614 0.999200639488 456316.76576 0.969932104753 431053.321768
0.02098 0.640623198247 441861.964489 0.999030939988 460017.767639 0.969922697161 426103.175732
0.021979 0.639680671409 426683.16036 0.998931143676 449500.644623 0.969114326417 422618.634982
0.022978 0.635094025671 412679.378054 0.998851320981 459193.830564 0.966837474621 414473.29934
0.023977 0.638011445925 426251.706052 0.998611929418 448805.145584 0.965800987049 412478.48757
0.024976 0.632859321701 410801.111845 0.998711661956 447667.473562 0.963418981281 417089.277883
0.025975 0.63300353849 429324.615079 0.998442429809 455809.465022 0.962436118303 418294.312647
0.026974 0.631803736487 413202.610258 0.998402555911 450470.521773 0.960550203156 428831.238408
0.027973 0.630970558914 429066.372596 0.998183306382 454377.97304 0.958892287629 428095.043684
0.028972 0.627510040161 428559.138203 0.998113565361 456269.111819 0.957992048666 412916.2335
0.029971 0.62588797857 431356.102156 0.998183306382 457655.628734 0.95668146334 425569.668031
0.03097 0.625214917628 417146.522788 0.99791435899 442665.934924 0.953961803369 427404.921016
0.031969 0.625375225135 428270.765134 0.997337109917 449913.863937 0.953234324062 424583.140999
0.032968 0.623340356301 428798.357721 0.997446536866 451687.675334 0.951311859054 426603.308021
0.033967 0.620316609598 423908.570135 0.997148156273 457178.235359 0.950371595294 433076.645087
0.034966 0.623076252072 424938.882737 0.997018913449 450192.987201 0.948631598919 410735.137147
0.035965 0.621565848686 427232.085106 0.996899642113 458066.474891 0.947831361844 416580.158555
0.036964 0.617485967631 425350.858601 0.996631385916 446907.145095 0.946020093467 414992.881122
0.037963 0.616811823049 414193.748438 0.996790335121 456185.741368 0.945063461011 420877.37642
0.038962 0.615649818383 427610.154648 0.996283861198 458709.712698 0.944340566982 422575.630417
0.039961 0.615206678684 423310.890937 0.995807649794 458898.919357 0.942080868222 419584.38747
0.04096 0.612902830385 428588.478611 0.995401246242 453780.199783 0.940070505288 421615.210018
0.041959 0.609057909226 375575.567688 0.99560936271 438419.67122 0.939284640818 407396.715808
0.042958 0.610440982566 426410.31037 0.995569714769 464343.053128 0.937954321625 439091.604788
0.043957 0.608109751648 439336.748054 0.995153601958 455425.402079 0.936697952378 428513.165046
0.044956 0.607670010877 425490.231882 0.994965474698 455284.510485 0.933759127495 412776.443727
0.045955 0.605675176403 428630.963634 0.994490522505 457594.714368 0.934911463884 420668.427181
0.046954 0.605675176403 427518.624864 0.994025904315 457412.567355 0.93339307049 436624.225371
0.047953 0.605022900117 430470.68157 0.993601208219 460121.220099 0.931393551031 419839.74375
0.048952 0.603394698574 421455.070157 0.993561720054 450026.823689 0.929195316856 416565.677834
0.049951 0.60001680047 426750.450477 0.993719691549 453533.389706 0.927351299219 424083.014755
0.05095 0.599538355466 425758.44781 0.992989494171 458604.386713 0.92801395733 428375.74225
0.051949 0.599064261623 432036.356819 0.992871184892 454961.53066 0.922960488062 415978.609498
0.052948 0.59898531887 423869.157821 0.993117694378 457910.946379 0.923113847631 414495.827177
0.053947 0.596509227998 420516.172758 0.991896207981 449322.957732 0.9211241399 421496.152644
0.054946 0.594915849153 432361.466747 0.991965082829 453265.784264 0.919641707591 414239.973137
0.055945 0.592189026737 420219.572357 0.991591305727 453155.109564 0.919261281634 423744.971298
0.056944 0.589629594689 419804.445761 0.991473329367 453284.398593 0.916716322134 415907.662102
0.057943 0.58968174876 427102.006236 0.990834778301 454526.677395 0.916506278068 410044.481811
0.058942 0.588636952273 422500.712679 0.99071698188 440843.027533 0.915910277429 411880.223621
0.059941 0.587809996297 422231.483663 0.990020592428 446514.163076 0.913675900884 424498.487442
0.06094 0.585017696785 419635.601809 0.990040195632 453811.131308 0.913066900412 421177.021107
0.061939 0.584938990863 426412.044403 0.989501390249 442961.863051 0.91091273456 417866.326341
0.062938 0.582329785004 426774.332717 0.988914271022 449504.49847 0.910348845678 406895.969655
0.063937 0.580736955196 421448.294434 0.987888487148 445018.047707 0.9080507782 418142.521035
0.064936 0.581625293721 419833.019866 0.988113000603 458019.955293 0.906355363811 418986.693092
0.065935 0.578630035528 426157.292868 0.986874568242 455122.963272 0.905288696565 415802.110781
0.066934 0.576086643431 423847.312847 0.987283784851 456213.031911 0.90353825581 414427.022557
0.067933 0.576279195745 425359.917246 0.986601945579 454469.055219 0.904028350329 410630.586531
0.068932 0.575010062676 426278.998388 0.986047428881 454062.667798 0.900933366968 416963.643087
0.069931 0.572092198379 422047.941332 0.984717189223 451424.672219 0.900868437173 416977.736951
0.07093 0.574438629849 415665.303679 0.985270210355 452288.235751 0.899539435809 421032.851031
0.071929 0.571938413672 417386.873866 0.984474831901 453171.756286 0.898101413612 408014.957519
0.072928 0.57041486273 412347.101491 0.983942065491 428599.427554 0.895463581496 386351.025221
0.073927 0.569456624489 413812.890018 0.984300408485 466969.272888 0.894990736846 423931.706863
0.074926 0.566524091437 419901.529516 0.983187493855 450815.741078 0.893279855646 417423.428157
0.075925 0.566604340189 425995.84801 0.98176855788 446105.738755 0.893120294372 417985.007843
0.076924 0.5660655051 417568.046513 0.981546917943 460861.376924 0.890131116313 418726.938743
0.077923 0.562306355749 424113.460835 0.981595092025 439367.122553 0.890773369439 419760.751712
0.078922 0.56253410363 416116.861432 0.980219177008 455285.993101 0.887295700165 414877.533943
0.079921 0.560258615377 413820.23902 0.979863798932 455307.244983 0.886077070984 414157.757588
0.08092 0.560255476497 423105.067511 0.979921410303 448639.524909 0.883985714791 422162.211672
0.081919 0.556145687924 409393.304357 0.978760888715 455166.426475 0.883774778835 415916.322987
0.082918 0.555861279259 416524.30989 0.978531029219 442284.104234 0.880646041936 420574.362265
0.083917 0.554412849072 418138.769342 0.977125492227 451501.937098 0.882176505875 403748.408082
0.084916 0.553743583496 409240.715427 0.976533890609 433820.665288 0.881111610408 414395.90416
0.085915 0.550879203208 416547.061242 0.97599063049 447365.226861 0.879546154184 405580.632559
0.086914 0.549369049646 410163.975466 0.974753874647 447759.709031 0.878742343957 415546.700537
0.087913 0.54901917724 411136.945535 0.974421437272 429959.241916 0.875388453626 416014.917527
0.088912 0.548137429016 408831.046294 0.973311790699 437303.428423 0.873973081629 404715.744945
0.089911 0.545193843671 409679.615472 0.972393741674 445525.733248 0.874286363756 416325.031589
0.09091 0.547099823834 413857.396301 0.971562369446 447895.981188 0.873133676766 420412.062165
0.091909 0.544111085719 418255.937328 0.97110006215 430026.246719 0.870132695236 415006.84207
0.092908 0.540926498907 406463.010574 0.969866255443 438752.626938 0.868658790827 405717.159992
0.093907 0.540873835769 400423.115551 0.968898362562 445376.711056 0.870276573895 402372.617621
0.094906 0.538735050102 405949.624858 0.968785723974 434945.335046 0.865875833405 417167.267573
0.095905 0.537056928034 411531.061279 0.96751098125 446310.807302 0.865935816837 404776.674818
0.096904 0.536829164855 417828.029507 0.966856170476 442844.472975 0.864326646326 411514.103197
0.097903 0.533120085299 406537.470656 0.966024904122 455562.422408 0.864341587795 415415.410062
0.098902 0.535228756771 420768.865762 0.964403853758 434474.964599 0.862217623728 415001.50395
0.099901 0.531838512554 407126.231045 0.964478265482 444659.961559 0.862708559794 405286.704583
0.1009 0.530934923306 411846.251283 0.96301075683 434371.025804 0.861259678406 406993.887771
0.101899 0.528731256477 405518.284223 0.960522524253 439701.51945 0.856942087854 417768.51684
0.102898 0.527871621622 404306.896239 0.961242694556 444484.196203 0.85806711801 401351.520748
0.103897 0.527050886763 413443.734721 0.959738951005 425087.03315 0.856421016572 403835.096253
0.104896 0.524163958486 409024.409986 0.959251016806 450407.635542 0.855431993157 395096.039812
0.105895 0.522761014575 412289.545079 0.956754688098 427661.166817 0.853133131425 353060.052896
0.106894 0.520478215384 369990.755312 0.956251494143 431032.501852 0.851288425031 421004.53596
0.107893 0.522405993042 406008.961751 0.955474871011 443466.740819 0.851527640587 416246.943377
0.108892 0.521457996558 413713.704038 0.954052816364 453210.440157 0.849350671412 409596.000039
0.109891 0.517022981672 421025.666249 0.953643394589 457965.944391 0.848608282417 412027.906629
0.11089 0.515814884354 403294.195927 0.952444448678 451108.599159 0.846883468835 407466.372374
0.111889 0.515065670873 410296.783307 0.952263053146 419596.560238 0.846661191591 397558.707696
0.112888 0.510545313449 406492.554961 0.950100710675 443058.253607 0.844337870242 374953.089563
0.113887 0.510467128469 382767.756025 0.947220854014 447419.152504 0.842325154356 411446.284843
0.114886 0.509388021231 409009.652084 0.945984296661 456430.977164 0.84286472864 406370.465965
0.115885 0.510881781956 415758.833739 0.945259993761 447854.373524 0.840357319932 404136.656508
0.116884 0.508331554173 410569.891178 0.945036667423 450030.686564 0.839856216616 407026.66928
0.117883 0.504418707881 410530.910913 0.943405126463 452753.022453 0.839447307892 410436.504869
0.118882 0.504930647776 404991.247068 0.942809194275 449828.457685 0.836680053548 411597.291937
0.119881 0.503377664126 409379.71853 0.940769172876 445348.810047 0.836274231046 400410.118549
0.12088 0.50153469617 404618.919821 0.937787197329 443040.469669 0.835386993025 398640.121731
0.121879 0.499241153447 406652.957425 0.936899798567 448361.844757 0.835170708893 411941.307038
0.122878 0.498253621058 408613.581276 0.936715500768 439073.678216 0.831054857931 423567.382626
0.123877 0.49680307223 403333.365387 0.934177830092 447868.241887 0.833097289101 403924.155591
0.124876 0.49394912324 414480.262228 0.933018595061 434412.415382 0.829861745033 411190.955631
0.125875 0.493822283237 402345.21288 0.929506246282 445022.297248 0.828171067016 409352.949099
0.126874 0.490946938455 394910.412489 0.92988655384 448199.424671 0.828335707896 404823.947162
0.127873 0.490845727188 404891.16322 0.929333482027 443829.012293 0.828781939184 404180.663564
0.128872 0.487521877544 408316.434957 0.926251829347 451127.036728 0.825954803753 417174.321271
0.129871 0.486537507176 418849.874075 0.925240562546 463514.832173 0.824286785859 407684.20275
0.13087 0.483332286113 415708.561251 0.922866793407 461201.411873 0.823601113509 403554.563473
0.131869 0.482949468997 402857.255371 0.922202958427 432911.703354 0.822571358065 404195.46455
0.132868 0.480602868238 401725.551495 0.91948949943 429131.343143 0.821105700937 400065.623557
0.133867 0.480462012271 406071.854212 0.917944904947 443120.976782 0.822632258701 401499.819558
0.134866 0.47827667349 404159.632448 0.915507786394 422268.891489 0.819396760105 380836.435615
0.135865 0.477235849957 396362.873489 0.914904712674 434876.788656 0.818444464451 404711.058792
0.136864 0.474973638963 389152.036637 0.910473172908 425899.818239 0.817020164058 399734.673183
0.137863 0.472661272026 399760.199389 0.910224552397 433395.709962 0.816299875922 397210.071396
0.138862 0.471537968237 405071.42802 0.907515132815 451665.300857 0.815075639019 406370.465965
0.139861 0.468926580165 420217.467316 0.906897865162 432027.011577 0.812730612311 408719.098583
0.14086 0.467167470195 396248.29004 0.90428995153 428614.319014 0.812248710555 406466.16177
0.141859 0.465436672686 405122.682232 0.90310578078 436503.810025 0.811675135144 383652.151324
0.142858 0.464627879531 397057.030448 0.90000900009 449359.543002 0.808420508011 401105.494384
0.143857 0.463295420325 391706.948979 0.89707821625 413878.22363 0.809323405633 405435.966736
0.144856 0.460878341944 400838.316372 0.896129616188 426750.450477 0.808544700394 395744.684866
0.145855 0.459806053807 385138.089637 0.894054537327 423176.357113 0.809782168597 394774.743401
0.146854 0.459434252661 395915.77441 0.891249710344 427051.127368 0.805127049048 400551.219377
0.147853 0.455031510932 406867.94532 0.888817783466 437108.8295 0.804408156699 407592.685631
0.148852 0.452769363814 399248.013661 0.887358688129 438515.470298 0.805483733256 397984.60175
0.149851 0.449988300304 387104.824523 0.883345405721 438632.869773 0.803496818153 399931.347234
0.15085 0.451709948008 403735.582948 0.880018304381 442736.491657 0.802793722153 386391.243907
0.151849 0.449462442918 389544.542685 0.878410428489 423327.126197 0.801635336086 388162.727788
0.152848 0.446506311367 391659.398677 0.877439281202 428265.517629 0.799948803277 400801.54499
0.153847 0.444632178031 400308.847291 0.873126053208 432627.262 0.801275630804 389669.037585
0.154846 0.445646700209 390260.387348 0.870564474005 433595.084211 0.798097335951 401739.018828
0.155845 0.440342410258 402372.231613 0.867152271939 449089.145336 0.799456369669 392019.971568
0.156844 0.440100166798 399294.003408 0.865029454253 437370.461594 0.795601912627 405094.510372
0.157843 0.438087310801 397783.423857 0.863162801136 442512.750069 0.796615975337 408909.565782
0.158842 0.435350457118 413750.025894 0.858398571625 441222.373003 0.793594108357 417059.417213
0.159841 0.433658866589 403258.135725 0.857133061336 443620.117782 0.794969433425 400070.584353
0.16084 0.431829271979 392235.533739 0.853125853126 434216.334627 0.794577801085 404265.978867
0.161839 0.428750278688 383091.840388 0.850571584105 417222.873775 0.792148226776 398105.103899
0.162838 0.428144507334 395142.93924 0.850455844333 439543.009006 0.787792369443 411197.808673
0.163837 0.425849036517 391737.67993 0.845651659169 441411.361572 0.788836387445 379748.916699
0.164836 0.421001225114 378594.104145 0.842247115304 430893.016012 0.790945258679 400554.279575
0.165835 0.42002688172 384294.718209 0.839116242773 428980.360792 0.788861278744 380507.524322
0.166834 0.416364802185 399715.244972 0.835052149007 433290.496399 0.787438776635 409294.228433
0.167833 0.41698809499 391487.582324 0.834724540902 437878.208943 0.788109011238 402743.527428
0.168832 0.413269249048 383778.526247 0.829139270523 429269.251238 0.7859040254 401782.50524
0.169831 0.41203131438 394227.069237 0.825334466793 444110.979462 0.788121433751 406363.772883
0.17083 0.411739517112 395462.971169 0.821645427132 439120.106453 0.785527442401 414657.280049
0.171829 0.406770284617 394200.392292 0.819014234467 443036.257893 0.783171216891 400793.885135
0.172828 0.407232448281 399610.136824 0.816419835736 435843.843295 0.78513889107 396546.869785
0.173827 0.405595596854 380419.174494 0.811998083685 432787.967839 0.78176303199 407897.109236
0.174826 0.403008052101 390470.746607 0.806458116598 426348.32797 0.78024421644 402187.804448
0.175825 0.39898179845 370482.935524 0.803399988752 418941.495275 0.778016369464 378997.43739
0.176824 0.397802538776 378614.267506 0.799143318363 435511.668354 0.78315894994 396715.276687
0.177823 0.396466688869 381237.286194 0.796064258307 437780.403388 0.78043298422 392543.156496
0.178822 0.392882539907 373422.506646 0.792474660623 427293.889448 0.778743419618 401384.167815
0.179821 0.390219537512 369198.37649 0.787643449563 428872.017464 0.778525161933 394383.869233
0.18082 0.389591668972 375414.882143 0.785262199048 410190.851079 0.778743419618 387079.10275
0.181819 0.386134676052 355029.173089 0.782099310971 419102.661719 0.77495350279 379454.833311
0.182818 0.384392141487 383284.382979 0.775644754702 446026.515067 0.775374118012 409579.201056
0.183817 0.382359463779 382533.512578 0.771021912443 442609.412313 0.776078166593 394779.202272
0.184816 0.379021896095 385025.661927 0.768279284886 426480.983621 0.77460533858 403115.509115
0.185815 0.376493266418 380744.822327 0.762218360316 433121.366392 0.775079639433 397413.682016
0.186814 0.374526224326 389720.813244 0.755657989194 433439.153439 0.773162000634 401570.934269
0.187813 0.371277938665 376504.72033 0.752836310801 426788.663345 0.773472970987 385961.728696
0.188812 0.369484974893 382194.350968 0.748940249547 423955.274646 0.772827389003 399766.676706
0.189811 0.367826915367 371169.133426 0.741988380462 412732.169619 0.771771679066 392625.099226
0.19081 0.364237686945 377559.436096 0.739989788141 420551.59054 0.773012584645 402569.964737
0.191809 0.359515660502 383401.753794 0.732429027627 421594.020513 0.770522876824 406611.563838
0.192808 0.355914950563 381771.330632 0.726707216929 425077.986124 0.769071039092 391268.461234
0.193807 0.356642284223 379203.026172 0.724464439663 417421.351037 0.768804969555 394416.876133
0.194806 0.35290048912 372686.560798 0.718669598839 424253.740779 0.770487256141 385265.799437
0.195805 0.34951592045 370932.136013 0.712550145717 424334.862339 0.767353704016 398190.897526
0.196804 0.348150623886 380596.951271 0.706718775398 424070.151528 0.769574117683 396072.798834
0.197803 0.344524642125 375865.013841 0.699628497268 413772.066984 0.764631218363 397889.837848
0.198802 0.341454253666 380290.174645 0.697379248783 435915.866229 0.766265909596 401734.01657
0.199801 0.338864735364 385111.567751 0.690197810693 420055.021817 0.765474058084 401100.50789
0.2008 0.335167818527 354120.339843 0.684622020183 410643.853467 0.765116795079 400478.9358
0.201799 0.332278901619 371117.900584 0.677717987991 420415.43336 0.766277653045 397965.720879
0.202798 0.327325813568 373594.135514 0.671857888619 421610.124343 0.766359867266 394562.691787
0.203797 0.326633001692 372532.307774 0.669030574697 415883.331069 0.764812506214 394507.024237
0.204796 0.326195097288 366456.221528 0.669088768007 420655.770259 0.765655745864 394085.57445
0.205795 0.326495430696 369949.96247 0.671722498002 426781.28078 0.764239696138 393579.692234
0.206794 0.328832709647 383115.285228 0.674072476273 421873.46926 0.763184003663 398439.794734
0.207793 0.326144031727 364391.599619 0.673087925476 432800.918784 0.764333157537 396425.810232
0.208792 0.326917041532 370177.211481 0.675123716421 422859.792921 0.763236427748 398510.965383
0.209791 0.326458125216 366742.358995 0.674131550031 428133.497742 0.761835108409 389054.935881
0.21079 0.328276776716 377438.142066 0.67692432663 416993.490044 0.761295725325 397392.972699
0.211789 0.329648956826 354504.047257 0.678863582363 417744.383668 0.76421633436 390594.743091
0.212788 0.328866233659 360213.467263 0.679135596213 403137.981611 0.766031116184 380868.251293
0.213787 0.328786219912 372984.172887 0.679629466015 418830.634531 0.763988631849 397353.819161
0.214786 0.329478435636 366709.973893 0.682007283838 411116.393181 0.763807734317 397435.899866
0.215785 0.330196466898 366087.114388 0.681970075153 413634.960567 0.761545022542 385911.302039
0.216784 0.32921377167 368956.098814 0.68282690338 432503.243024 0.763201477558 386835.273057
0.217783 0.329771797916 358732.808758 0.685786391255 404140.161143 0.760525675347 387125.904636
0.218782 0.331553993568 355372.393786 0.688098645822 414181.478128 0.762055721514 375903.078884
0.219781 0.330866174558 375630.393586 0.687526211937 426648.438279 0.762142840811 372718.685324
0.22078 0.332060434999 358474.346669 0.689912105198 407361.896456 0.763195652838 389637.182479
0.221779 0.330672521775 363485.603755 0.690841514048 426077.637218 0.761997653047 392032.429593
0.222778 0.331694761213 369720.059165 0.691811716523 414887.793548 0.761521825216 386820.289163
0.223777 0.333181180594 363109.564742 0.692981483535 413804.316513 0.761980234233 393378.514499
0.224776 0.332101237741 370492.425949 0.693895110815 407308.887508 0.7593533347 382303.737172
0.225775 0.333472280117 372180.255645 0.695463491644 430031.537462 0.7611508601 395392.884952
0.226774 0.33246670346 369110.002473 0.696218835504 429043.1109 0.76222998003 400299.678085
0.227773 0.333144551421 370735.415394 0.696010467997 412185.821993 0.763317990642 391060.523278
0.228772 0.334302811487 372639.543128 0.697641970141 390667.868826 0.760849716964 393176.068056
0.229771 0.334822175942 369665.31585 0.701798710094 423694.461056 0.761156653651 387043.026579
0.23077 0.334141956869 377388.220115 0.701621447164 413146.035652 0.760277044955 388189.671608
0.231769 0.335446647211 372776.987267 0.702958047464 430612.988704 0.761875738067 394145.938073
0.232768 0.335206017618 370907.206521 0.702908635936 424223.274556 0.763288859036 401280.867638
0.233767 0.335063377238 370809.816819 0.705144025667 424491.613508 0.759330270701 396468.528692
0.234766 0.337074864327 381037.793957 0.708220313175 426413.77845 0.763825236786 382154.652992
0.235765 0.337188522103 369864.816007 0.708757406515 422733.214606 0.760595089598 393225.830646
0.236764 0.338818809865 377268.732769 0.707558851207 440181.89508 0.761481233295 397663.493364
0.237763 0.33834077683 372514.441216 0.711338739508 429274.96272 0.758150113723 387155.563596
0.238762 0.339125598557 373453.428106 0.711040323097 430685.504283 0.759676377863 397652.182899
0.239761 0.340070122459 376670.73784 0.712316667498 429823.092555 0.760300166506 385833.557175
0.24076 0.341073426287 363640.336009 0.71255522303 417066.467264 0.761951204645 390809.832711
0.241759 0.340066653064 366692.661433 0.714484749323 419893.122221 0.762218360316 392911.616282
0.242758 0.340237894336 366123.224619 0.715021164626 420776.041782 0.762631077216 389746.525151
0.243757 0.342706352062 366605.482776 0.715906731671 395261.353988 0.763475339747 395990.906276
0.244756 0.342327415633 362447.492562 0.718303080802 426484.45285 0.7597687264 395477.140551
0.245755 0.342671121391 377146.60804 0.72089737305 425513.541591 0.762421756467 405288.271069
0.246754 0.343147347471 377395.690587 0.722058154564 433476.333639 0.762503145325 394837.17677
0.247753 0.342522058421 377917.657044 0.721610056358 422715.320758 0.761957010385 405522.989089
0.248752 0.343682767059 383172.684709 0.722329367745 417618.769777 0.760658730461 377049.643069
0.249751 0.344081285763 377933.321319 0.724191621103 419020.179245 0.76383107112 374181.39256
0.25075 0.344875155194 355446.780491 0.726200591127 407227.423041 0.761916372059 389436.759646
0.251749 0.344172471709 357327.885486 0.732638303796 429911.645928 0.763032596753 385505.173704
0.252748 0.346650489644 367802.674224 0.728066982162 410738.354933 0.761840912381 380382.949124
0.253747 0.346878956588 366163.497525 0.731598469496 418953.212291 0.762334573398 378797.88705
0.254746 0.346708179193 373703.314973 0.733191582961 423534.876488 0.762596182444 390583.83115
0.255745 0.347348859827 376801.016948 0.732219870983 426526.521742 0.761678434598 373569.179659
0.256744 0.348447839101 373383.94512 0.735029290917 419980.995085 0.763294685179 390144.949645
0.257743 0.349009685019 370262.174996 0.736480067167 422759.632103 0.765948972479 376725.883971
0.258742 0.348879399369 373152.411125 0.736355335631 417571.787972 0.764941214268 382567.357166
0.259741 0.351343184996 366559.666502 0.740351370761 425745.482746 0.764496770001 401475.607865
0.26074 0.350088572409 372250.943207 0.739694210413 436469.742268 0.765192905131 399061.502775
0.261739 0.350916594144 372797.861145 0.740362333326 425744.186283 0.762852151624 408737.02203
0.262738 0.352841965612 382306.873368 0.741284349264 432226.909894 0.762834693722 400145.774542
0.263737 0.354421407053 383841.744935 0.742004897232 434806.911623 0.76538031748 399995.040955
0.264736 0.354729430127 378594.445879 0.745817826538 437194.942082 0.764566911073 398055.609862
0.265735 0.355537857671 369360.939169 0.746536072623 430633.325975 0.764894406327 410625.360397
0.266734 0.355403916551 385012.23156 0.74614058781 428080.625193 0.765351028249 398250.634743
0.267733 0.355832630564 378514.155349 0.749052448652 436931.244049 0.765479917634 402223.673473
0.268732 0.354691684253 382923.262043 0.747507063942 429831.902201 0.765140211944 398848.235648
0.269731 0.358087953563 381488.680321 0.750581700818 422545.404724 0.765966573219 400931.807341
0.27073 0.358511603228 375216.400259 0.750198802683 434874.985096 0.765978307494 394483.648549
0.271729 0.359385163862 378168.782329 0.75110600359 426359.162754 0.767854537636 400405.14933
0.272728 0.359253471287 364801.07432 0.752558699579 408511.699301 0.766641878579 358723.911227
0.273727 0.360395425861 360953.419386 0.756040765718 436016.91964 0.76575541772 392834.704815
0.274726 0.361313446641 363521.202566 0.756395322451 410042.878343 0.764596140319 360924.843753
0.275725 0.361214257849 369067.779832 0.758052411744 411013.662225 0.768828612726 378183.103455
0.276724 0.363001441116 355354.629908 0.757489679203 396252.78226 0.768173054026 366308.361426
0.277723 0.363890425315 340857.054393 0.760739743326 411072.877331 0.767618769814 393240.946223
0.278722 0.365937110048 366325.637617 0.763457853309 424796.428485 0.768627692118 403551.068986
0.279721 0.36445937918 374321.646967 0.76497047214 430935.959174 0.767571633623 373943.534518
0.28072 0.364126278994 383426.989146 0.765462339253 445837.346004 0.766735928479 403784.167301
0.281719 0.364975491896 380037.60233 0.764309790044 426206.659682 0.768450496419 400554.662103
0.282718 0.366734268017 379404.376493 0.765257317773 430724.425152 0.767636447379 392263.045963
0.283717 0.369394894224 372165.064627 0.765696784074 434314.352873 0.767436149312 401042.596931
0.284716 0.370312766162 382930.603652 0.767483268865 436679.229568 0.768509552574 397125.075864
0.285715 0.369280309605 377172.044171 0.771033802122 425685.853619 0.77105758258 395519.654789
0.286714 0.369594222503 384618.220266 0.77136686208 413352.872713 0.769390565733 395900.078816
0.287713 0.369988049386 380216.401242 0.773120158335 434456.062937 0.768356025448 385964.570027
0.288712 0.371155295087 378753.419054 0.773748268738 427728.765785 0.770629758639 401822.536453
0.289711 0.373382321094 378260.524512 0.776578395589 434610.474659 0.769307700001 390405.689048
0.29071 0.372165032862 384916.125752 0.776331213949 431076.801959 0.771497785801 402487.294837
0.291709 0.375509284467 384676.071012 0.777465927556 430246.363328 0.76938464616 399814.691601
0.292708 0.375385239102 381613.633738 0.778385783562 424046.999686 0.771706165161 400238.560772
0.293707 0.375433156004 362061.720402 0.778531222995 423935.56323 0.771688299662 391542.766459
0.294706 0.37656982546 387225.977158 0.782264499272 429822.652082 0.77274975272 407757.128913
0.295705 0.378809402049 384039.261826 0.781170662355 438623.695675 0.77156326433 395260.236536
0.296704 0.378263468071 394852.788199 0.783674492963 431367.192964 0.772624373208 391639.284717
0.297703 0.379796353195 383293.139514 0.783680634468 442137.242356 0.768220264114 360913.042094
0.298702 0.381321354759 362095.790445 0.787029749725 424861.403319 0.772111338455 386603.509412
0.299701 0.380121182633 387741.454175 0.784941678833 436193.762486 0.773371280084 408964.587248
0.3007 0.380636271592 391623.926357 0.78723421005 434684.342963 0.773251677956 380911.833566
0.301699 0.381373708097 383832.963316 0.789465374049 432892.937462 0.77402376253 401667.844577
0.302698 0.383503225262 386330.02941 0.790863939768 433579.84465 0.774809396888 402098.738092
0.303697 0.383537055433 385686.318324 0.792029019943 435965.254196 0.775019569244 396545.370144
0.304696 0.385576359542 377689.310474 0.794060427999 418856.984788 0.774113639882 382540.839249
0.305695 0.386280849354 385150.467767 0.794723039021 432204.194983 0.774809396888 383516.741752
0.306694 0.388316338022 366726.005407 0.797060441093 429156.80994 0.773814129846 396905.985332
0.307693 0.387181204676 383313.806522 0.795494320171 433174.149413 0.774923476307 407386.823342
0.308692 0.387681047049 398063.920978 0.796673093163 440071.052579 0.775241875465 392691.266295
0.309691 0.388357055477 385403.863683 0.799226348894 428777.75506 0.776487945025 402013.564339
0.31069 0.39003233368 386469.213702 0.799194412033 437261.486143 0.779970361126 394860.594376
0.311689 0.390837212393 394011.16378 0.799993600051 434214.53654 0.778761613283 404887.645547
0.312688 0.390847905446 390428.220497 0.801796023092 432144.524042 0.775326024593 395164.90391
0.313687 0.392837781566 395967.354414 0.803322542034 438016.30798 0.777580790644 398330.060059
0.314686 0.392880996346 390452.935399 0.805003904269 437970.570177 0.778992139969 390737.745847
0.315685 0.394307772989 390558.008652 0.804589377811 435445.203702 0.7791074545 403020.997083
0.316684 0.395823272825 390141.683534 0.804550537842 433566.847048 0.777230262237 395724.522481
0.317683 0.397025485066 391588.460461 0.80791106515 428384.930196 0.779921695862 386978.749081
0.318682 0.395616568422 377290.112729 0.808989491227 434463.263376 0.77963591003 378157.530776
0.319681 0.398116114546 378170.487168 0.808139581869 432653.145431 0.780944943381 371453.140872
0.32068 0.399723391413 367874.289784 0.81242028126 436692.869116 0.780292921963 371944.934147
0.321679 0.400096023046 376833.854729 0.811043163717 428630.963634 0.779824383549 399665.730623
0.322678 0.402472792839 397789.837273 0.813874939977 449510.761112 0.780682785164 397440.419054
0.323677 0.402267177814 399212.67337 0.815960181143 424183.803704 0.782233903582 399222.172833
0.324676 0.402563524524 389939.291392 0.814133355044 441571.222676 0.779866954698 388275.557539
0.325675 0.402803512447 388057.144073 0.815029137292 414516.718815 0.783269366335 377364.112881
0.326674 0.405919936352 373633.406142 0.816786598165 423036.788623 0.784153819613 389061.070926
0.327673 0.404573296544 380964.076256 0.816940069277 424367.062033 0.781848602837 393432.756859
0.328672 0.405074776804 381953.504128 0.819396760105 439742.086998 0.783514847606 381149.982643
0.329671 0.407855292942 390061.136768 0.817440919458 439081.951836 0.784135373131 412279.413572
0.33067 0.409242328753 391630.142691 0.820277253712 434222.178511 0.7834227741 390747.210282
0.331669 0.408231581612 382632.969916 0.821058508629 429920.459205 0.782815631263 382715.01751
0.332668 0.410846343468 369927.774941 0.821146155804 444883.048999 0.782087077575 401590.543295
0.333667 0.408941087947 389067.206164 0.822287274282 433014.94485 0.785200540218 398030.300874
0.334666 0.410996625718 376720.13178 0.825259544127 433946.787951 0.785157384798 390444.939059
0.335665 0.412582103839 388171.708646 0.825791107881 428140.927163 0.785249866508 396005.113515
0.336664 0.411897239877 392309.275188 0.82635067017 415486.189602 0.785286865292 374468.692972
0.337663 0.414087248183 367660.493562 0.827650135735 426899.432471 0.785934908871 402000.078592
0.338662 0.415949154375 375655.962054 0.828027059924 441138.842436 0.786621147523 379168.745887
0.339661 0.415888608395 387563.746104 0.829737802854 431192.468146 0.785657044987 405360.342511
0.34066 0.418467821917 375982.265393 0.830475114813 431752.619768 0.7867139744 394483.648549
0.341659 0.418194820239 393544.240493 0.831421064884 425747.643535 0.787748928661 385672.841828
0.342658 0.419942215951 398463.263096 0.8328891258 440668.414224 0.788432123878 396838.01497
0.343657 0.418123128899 385399.259947 0.832168297717 439322.942852 0.789023110487 396469.652987
0.344656 0.420721368859 374905.163198 0.835282325426 427719.605964 0.786398452368 398158.767829
0.345655 0.4216651557 383889.17262 0.837002192946 434875.435984 0.789029336111 407008.500563
0.346654 0.424792595015 399407.312605 0.837135322925 437935.815834 0.787029749725 400457.905797
0.347653 0.42460681409 396438.175156 0.8382370199 435037.816712 0.788624874806 401225.97506
0.348652 0.425602546806 392836.54445 0.839362755796 440835.614077 0.789908133684 402492.315871
0.349651 0.425332822934 402698.286208 0.838609585308 433986.300519 0.792782508047 398937.006002
0.35065 0.426983659335 393228.411272 0.839842109683 442403.530534 0.792864222002 407687.372911
0.351649 0.427829450068 397784.932877 0.839531877025 428595.48587 0.790770131031 392475.203054
0.352648 0.429630775312 386000.800659 0.842459983151 442026.344716 0.793537431161 406124.541642
0.353647 0.428212341936 406033.723332 0.843198758811 451116.847358 0.791784444603 403058.564182
0.354646 0.429728626372 389584.343448 0.843824889459 438854.081654 0.793203829588 400668.305269
0.355645 0.429573562325 398989.75582 0.844352128612 441201.023293 0.792537467209 409908.632378
0.356644 0.4331535746 400583.353788 0.845258522319 434990.443142 0.791991383134 391236.344099
0.357643 0.432159587893 403143.018894 0.847026935457 432088.875703 0.795076883935 393961.202237
0.358642 0.433707767706 393242.789665 0.849083838538 433350.484255 0.793581512725 396455.787135
0.359641 0.434218125133 389581.086717 0.848961295855 418574.415321 0.795494320171 400172.880473
0.36064 0.435498340751 384271.128799 0.849906510284 441168.074537 0.792556311126 398588.979443
0.361639 0.437347748315 406583.184535 0.850000425 425517.42679 0.794293793388 391562.50496
0.362638 0.437047655676 401272.805549 0.852347791993 428904.90945 0.795361452012 399854.331632
0.363637 0.437449146537 382923.262043 0.851999216161 422611.395978 0.797931760876 394941.648164
0.364636 0.4388621183 389370.238822 0.852718466471 412985.757258 0.796095945483 387696.295153
0.365635 0.440476242914 404509.656799 0.855073579081 439386.453966 0.796444670989 408642.244739
0.366634 0.440532515705 406647.832047 0.852376852854 456258.688846 0.795734861144 420158.955629
0.367633 0.441618088677 411792.473207 0.855468582916 456850.573636 0.79558925318 419940.627863
0.368632 0.441388077225 412488.223203 0.856039788729 447463.066169 0.800672564955 412716.736842
0.369631 0.4435494602 395025.711541 0.855271035391 446640.165524 0.797219299085 402099.123576
0.37063 0.444772587776 401758.259442 0.858715533305 435541.968499 0.798632740748 399052.010956
0.371629 0.446893420388 398368.271137 0.858944185807 429945.138302 0.799788855742 396669.503868
0.372628 0.447621562826 391926.195386 0.860385280529 424446.508841 0.799699313058 405880.48586
0.373627 0.44796846302 397053.647583 0.860992724611 446537.931681 0.799609790422 404341.195275
0.374626 0.447659635426 399519.163909 0.861964935266 440026.269574 0.798811368683 406048.267256
0.375625 0.449771740842 395402.203496 0.860874131593 449075.201261 0.800294508379 401221.369372
0.376624 0.451066094715 395429.043355 0.862425831379 433696.409701 0.800941907683 374877.351416
0.377623 0.451310379687 387559.090623 0.862247361523 435608.462696 0.802349278688 408336.708309
0.378622 0.452277897631 397758.149468 0.864603147155 432258.53659 0.802181934863 399934.397968
0.379621 0.452566504648 381900.989738 0.867152271939 428665.571063 0.803135440761 404789.566181
0.38062 0.454816276965 381495.967023 0.865478652969 424846.77149 0.801976069034 397178.475888
0.381619 0.455753200527 387093.034953 0.867663901711 431542.503444 0.800038401843 389855.92921
0.382618 0.45701750377 388652.611076 0.867310210843 445301.528184 0.803871444879 402688.233984
0.383617 0.455699202071 390000.567199 0.868266592575 436224.15762 0.802954873936 405055.38929
0.384616 0.458787150289 399327.83734 0.87006455879 428540.747757 0.803903756642 391224.301532
0.385615 0.458825040835 391676.222849 0.868877670713 430978.468051 0.803845597338 394931.979451
0.386614 0.460812504608 389098.968137 0.873209919665 434716.330323 0.806276052795 399806.307217
0.387613 0.462126428548 371848.317451 0.872905027933 438546.18987 0.805224295227 404189.232424
0.388612 0.463241765878 402291.186299 0.873225169842 441298.506175 0.806946192828 405722.261936
0.389611 0.463325472244 398665.129405 0.873927254295 439941.345405 0.804395215457 403681.570875
0.39061 0.465220142171 403666.8075 0.872927887427 440798.550536 0.80478363392 399496.332025
0.391609 0.465994081875 401443.330149 0.874844715063 442938.47361 0.806237049817 399549.229871
0.392608 0.465131422884 411458.393624 0.876916061595 437902.895755 0.806159055182 412767.506904
0.393607 0.46899695621 397156.286811 0.877685718298 435375.143895 0.808368227895 400558.86996
0.394606 0.467991707187 402013.179019 0.87818672006 429132.660317 0.80870816957 408705.557467
0.395605 0.470170060511 401474.070713 0.878611091586 443387.982879 0.807950230266 401840.245111
0.396604 0.469417452941 404123.417322 0.879136336463 439838.926174 0.809100765409 403595.336955
0.397603 0.471800485011 401891.840098 0.879577099331 423574.654419 0.809166235111 405595.536258
0.398602 0.470338126079 406641.129826 0.880211955039 432774.571126 0.809218618502 401950.381796
0.399601 0.47412464737 402430.527238 0.882932040721 438404.090639 0.810064238094 415318.74443
0.4006 0.474066208087 408560.246092 0.881251376955 449674.615274 0.811721254921 410564.66659
0.401599 0.473780961586 408466.744121 0.883548330094 437646.106234 0.811201064296 406178.816124
0.402598 0.476324300637 408419.810333 0.88447829048 439618.102903 0.811372192652 386076.480681
0.403597 0.474955591652 403173.632779 0.883727917849 425345.682405 0.810806428073 412459.828892
0.404596 0.476967251429 389658.539304 0.884470467531 429271.008601 0.81197830394 392626.569363
0.405595 0.477815047351 394896.283687 0.885849441029 420808.125804 0.813226312751 394879.181754
0.406594 0.481211112127 402335.178275 0.885692522984 453083.151044 0.81425930902 412109.278665
0.407593 0.480452778699 398141.760088 0.887405934971 432088.430574 0.81328583744 397284.190107
0.408592 0.481881264456 400498.055901 0.887839265579 440137.089513 0.812994910652 393648.028712
0.409591 0.483404716096 413917.842178 0.889086463659 434979.165241 0.812525899263 408688.433221
0.41059 0.483521584404 406270.879928 0.890178658857 445859.620739 0.815321522042 393649.875973
0.411589 0.484998981502 419586.486173 0.890900343888 454607.47154 0.815015852058 416521.000809
0.412588 0.486807516308 413398.909904 0.889236679235 440105.684864 0.814683861927 406419.686574
0.413587 0.485342651912 406225.236245 0.890781304282 438756.298688 0.815175303449 397236.781043
0.414586 0.488777664816 410514.436944 0.891798132575 422117.175824 0.816479828866 389173.340311
0.415585 0.488526944704 401379.17439 0.893351676821 437992.980507 0.818116368872 391305.329446
0.416584 0.490313849895 402730.766055 0.89340754572 428643.666978 0.81633985861 390362.813796
0.417583 0.489390024274 406783.500955 0.89247465372 451816.128257 0.818987403974 395172.722433
0.418582 0.490450920576 404571.695345 0.892180041932 440746.208901 0.817587952024 393854.290109
0.419581 0.493006699961 389402.050294 0.89514295433 446197.806406 0.817367423004 385058.181434
0.42058 0.492390110837 397720.055339 0.895551794238 426992.870734 0.816906701086 399863.861658
0.421579 0.494794759134 420307.581923 0.896957520092 449535.331623 0.819463906712 390507.828211
0.422578 0.494677272547 416099.523316 0.897746655894 444365.527193 0.816213260201 407898.299283
0.423577 0.497901345827 409446.857279 0.89816594514 445720.321737 0.817046865808 411113.169468
0.424576 0.495653122119 417099.23239 0.898537181469 440478.210826 0.819651975771 400769.758505
0.425575 0.498892458742 407191.051378 0.899345276639 441565.644177 0.818538254385 403072.895745
0.426574 0.497406027566 410451.767584 0.901055135564 438814.136868 0.819531064325 403601.93915
0.427573 0.50004500405 408513.290816 0.899871318401 439249.329759 0.819860295806 408775.662361
0.428572 0.501388847106 405791.347035 0.901453142466 445688.115314 0.819255788042 401617.460763
0.429571 0.501690697651 414593.74932 0.901047016633 439556.828042 0.820714842628 409752.056427
0.43057 0.503410606861 412818.695769 0.902299058 452607.429821 0.819477337354 401258.217831
0.431569 0.504113566704 414334.090685 0.903889436244 433965.19632 0.822625491519 403937.381724
0.432568 0.507230571801 403714.209537 0.903546419697 442260.786311 0.823675735337 401625.921284
0.433567 0.506113855373 418111.258978 0.903897606479 444096.872595 0.82408300164 406507.525756
0.434566 0.506070313409 409896.214061 0.903979316953 445622.769524 0.824205260078 406858.078516
0.435565 0.509842509649 415724.218591 0.904748118124 438356.439265 0.824184881153 401984.282154
0.436564 0.509855506949 402344.826925 0.905797101449 435475.494598 0.821942579091 397066.803494
0.437563 0.5113049525 410719.85335 0.905649441214 442172.66677 0.825136972737 401303.136042
0.438562 0.511495869671 400976.652499 0.906289650172 434437.162919 0.826241427745 402484.205031
0.439561 0.511064547452 401427.577435 0.905698655943 427966.622247 0.82590705242 389808.82722
0.44056 0.515759016757 395743.191286 0.907424547649 431655.754273 0.824116958679 393556.795588
0.441559 0.512699568307 401290.465785 0.910249408338 421432.202964 0.826500925681 382290.844461
0.442558 0.514760764934 406687.655684 0.910141709064 425689.309924 0.827574792072 403156.19392
0.443557 0.514048958023 402725.739069 0.910299124292 447317.038835 0.825954803753 394933.838782
0.444556 0.517311840751 413864.746884 0.911560409108 441545.655712 0.825763831544 408294.971249
0.445555 0.518381819313 396757.682248 0.910979120359 438423.337399 0.826630735784 411461.622752
0.446554 0.517499236689 412158.684332 0.91212580039 438640.668058 0.829304296626 408787.216043
0.447553 0.51943194922 391820.384767 0.911693379283 424055.574147 0.827081972094 391244.007936
0.448552 0.521031433826 417667.425796 0.9130752374 434722.187674 0.827376224517 397772.483802
0.449551 0.522414180411 404694.267633 0.912117480732 440075.208165 0.830254472996 408086.810917
0.45055 0.522498798253 414502.790823 0.913859594612 439543.009006 0.830495805996 389814.986064
0.451549 0.522829343274 417494.893673 0.914544922447 442681.352687 0.830254472996 397039.740854
0.452548 0.526490362594 416681.965754 0.913801138596 424713.410108 0.828171067016 398894.133334
0.453547 0.525466745837 416821.099915 0.915315051441 425827.175835 0.830757983584 400204.954205
0.454546 0.526180090398 409240.715427 0.915591609518 435732.005801 0.831504024479 401585.544734
0.455545 0.526274241507 407297.021723 0.917094644167 437076.489094 0.832639467111 393012.12496
0.456544 0.530143987107 414865.633435 0.917061002898 435682.2181 0.833194467589 405705.779196
0.457543 0.528097423413 415689.609207 0.91748169624 441740.969401 0.833375002083 409004.865967
0.458542 0.529969791722 410606.868992 0.918509809685 441010.359943 0.83234145976 394729.417256
0.459541 0.53308882326 409269.06759 0.920513646615 437884.15181 0.832417673892 399812.786028
0.46054 0.531544508879 404745.426438 0.919726289456 438860.51023 0.832632534284 381581.693412
0.461539 0.534599264391 410903.736563 0.919286633572 420855.838726 0.832833633153 402816.630876
0.462538 0.534459260843 399753.722282 0.92030185901 415086.108785 0.832105977017 400838.316372
0.463537 0.534553540883 408800.762572 0.921548570217 444470.065617 0.835875788858 408298.150915
0.464536 0.53598036168 414037.560771 0.922841243621 442799.123756 0.835373035829 410313.641206
0.465535 0.537244473097 415651.710302 0.921752435731 435727.931834 0.836316194427 406851.369362
0.466534 0.538149411803 406708.95073 0.922577311979 423903.000559 0.838047349675 390801.821746
0.467533 0.539621725171 405156.728456 0.923088284163 439948.728814 0.836449106254 405373.662866
0.468532 0.539406329394 411999.170954 0.92276460275 425805.560857 0.837205408347 408273.112385
0.469531 0.541512335651 365676.343223 0.92381313108 417043.659139 0.836351167128 397386.572074
0.47053 0.543433959188 410556.22715 0.924795620168 444671.74705 0.837317569435 408530.002474
0.471529 0.543056211748 420616.960445 0.924949590247 439529.65143 0.837991167573 401617.845324
0.472528 0.544840361774 400740.657228 0.92583162826 428797.919346 0.83677806972 392886.957173
0.473527 0.544285815367 392814.469959 0.924547665055 425662.525029 0.835812911638 388138.661139
0.474526 0.545985640578 401665.921299 0.926672412036 441696.31104 0.838454895319 406444.49828
0.475525 0.549692172383 403805.548121 0.926887142222 435441.58716 0.838778403134 396685.635706
0.476524 0.547339383258 400269.117096 0.927428703918 443537.553085 0.839235959582 409639.603829
0.477523 0.54701602757 411653.039132 0.928272392251 447065.294089 0.83798414534 403639.226193
0.478522 0.548687813095 418364.40749 0.928082859238 439531.493806 0.840816601083 420588.701283
0.479521 0.552242102938 422491.775405 0.928936367859 448351.779915 0.8417366711 405317.644921
0.48052 0.552574721917 417913.374451 0.927669601195 436302.206318 0.83774545942 404385.246889
0.481519 0.550563777308 419544.09645 0.928487864664 442026.344716 0.84283631276 402873.120494
0.482518 0.554314506965 417843.846913 0.929540806841 439319.261612 0.842509667798 408533.583721
0.483517 0.555737714028 415441.332327 0.931003342302 436385.7312 0.842758178968 408631.89358
0.484516 0.555805668106 419129.046216 0.930622120888 439997.650159 0.843340979625 400124.779513
0.485515 0.557568999164 412173.67036 0.930327754468 429063.300152 0.841644573497 398076.766112
0.486514 0.559781908968 403146.118822 0.932783612857 445519.581153 0.842587755515 404622.432826
0.487513 0.557926744218 415561.933957 0.931254772681 418749.931362 0.842013084883 400188.916696
0.488512 0.559922954601 412566.936445 0.931853549896 450976.668971 0.844451950684 394323.061997
0.489511 0.558734131951 408813.911531 0.934483370868 437920.72685 0.844808650841 392049.285828
0.49051 0.561867197069 411071.26581 0.934038220844 427744.905473 0.844808650841 394999.298395
0.491509 0.560560111664 408115.003415 0.933916096978 435175.935706 0.846833266998 406934.262662
0.492508 0.566184089095 410318.458003 0.934073119244 429280.674354 0.843938831314 396987.50536
0.493507 0.563885395932 423180.19975 0.934719210349 444669.861329 0.844865750832 403230.997891
0.494506 0.566948061888 415339.307818 0.936715500768 441039.575018 0.845701721003 410000.79179
0.495505 0.566447074018 422213.632264 0.936163042155 443651.55674 0.845165652468 399129.857203
0.496504 0.566254622053 424711.259804 0.937031484258 441987.217653 0.845937806652 410209.305032
0.497503 0.568369121642 431510.537497 0.937417975927 443740.266775 0.846281439355 403473.04122
0.498502 0.570248970701 423264.328286 0.937171989804 433688.786225 0.845902027627 394632.855273
0.499501 0.568010769484 409584.000625 0.937391614095 424080.87083 0.847278119043 396262.515754
0.5005 0.570545041678 425226.233563 0.93787515006 441072.968414 0.850528177999 413327.210411
0.501499 0.573733340218 424442.643173 0.937066606694 437889.637676 0.847048459642 404573.256309
0.502498 0.572826267521 401998.922713 0.940150047948 438344.52804 0.84775937198 398891.09845
0.503497 0.572934570872 405513.187408 0.938588175666 436161.10378 0.849884840604 386881.302277
0.504496 0.57743388382 419338.564854 0.940804576073 420131.178806 0.849552710498 387969.919248
0.505495 0.576917529639 402150.785067 0.939664164028 438692.969602 0.850586053791 408620.348676
0.506494 0.578211822119 416396.121463 0.941992124946 441152.298001 0.848248367122 410027.646021
0.507493 0.578861148576 429573.489228 0.93984962406 441904.794014 0.850202773361 406738.925313
0.508492 0.579649659746 419225.39878 0.9409993413 449268.572224 0.851846803871 412508.91295
0.509491 0.578864499398 426637.588787 0.941655052921 446263.320963 0.852413181717 406152.463658
0.51049 0.578616643329 418406.55915 0.94163731897 438425.170512 0.850528177999 396573.490312
0.511489 0.581621910861 404348.991322 0.942036494494 453134.547655 0.851825035138 410462.211149
0.512488 0.583274033807 423814.763731 0.942880310773 436549.696342 0.851839547503 413847.187592
0.513487 0.583829101545 416201.921693 0.942453772642 443529.579714 0.852616680593 397251.077823
0.514486 0.582417966429 420763.800484 0.942969221485 432120.037007 0.852623950207 405160.250806
0.515485 0.585390982637 411353.474528 0.943690016703 429423.954264 0.853956379908 391185.989207
0.516484 0.590165482401 418714.816379 0.944278146571 435102.351602 0.853417081996 412975.591505
0.517483 0.585500661616 420947.917242 0.944795593473 452867.901508 0.854788525319 395829.837593
0.518482 0.59042333353 398531.791391 0.943885978574 420654.504608 0.853766819206 407358.731355
0.519481 0.58893855604 417383.135719 0.944724187773 446803.837079 0.853213200915 400787.374488
0.52048 0.589720000944 410807.549535 0.945769572701 437122.040339 0.856032460751 406119.429576
0.521479 0.591152807089 425638.767056 0.945778517587 442491.275304 0.856340343906 410096.601353
0.522478 0.591282136184 414786.040702 0.945465547235 433606.290454 0.855117450382 407783.690029
0.523477 0.592518856913 431250.102818 0.947149081265 441649.336468 0.855453946637 406834.794754
0.524476 0.594410166791 422482.838508 0.945805353258 441331.474418 0.858826156409 394877.694699
0.525475 0.595514584152 411871.730011 0.946996600282 434125.549863 0.858958941763 384809.123187
0.526474 0.595163699776 422827.821546 0.947534987729 431661.529437 0.8569567751 394331.217976
0.527473 0.596224705167 425977.676894 0.949334042169 428085.868168 0.859128671701 402042.465413
0.528472 0.597993135039 411978.936967 0.94831673779 432069.735987 0.860948248401 377633.541944
0.529471 0.598325884176 409941.885127 0.949802915895 433655.156442 0.861296768415 414075.16588
0.53047 0.600546497313 405979.094657 0.949072755917 446967.628632 0.858531224781 388571.237992
0.531469 0.60179696574 419718.326772 0.949532355315 442307.891049 0.860118868428 395628.965789
0.532468 0.603722553263 421992.739917 0.950570342205 445410.291482 0.860252053852 392327.623138
0.533467 0.604204051792 423588.770965 0.951130894634 438333.07555 0.857949329513 393386.262492
0.534466 0.604605887652 423498.954455 0.950145847388 435003.977395 0.861066861842 400459.817524
0.535465 0.604069008844 425546.783925 0.952390022762 441817.281662 0.860792617843 406290.950656
0.536464 0.608006225984 410210.909802 0.950245163252 413600.698159 0.861207757759 399166.702355
0.537463 0.605965120648 415223.768006 0.950886701849 440567.507298 0.862768105189 402032.83126
0.538462 0.608616796606 423538.725639 0.952562392837 442438.997633 0.862701117198 416307.676121
0.539461 0.609488517236 425972.485431 0.952390022762 442336.811799 0.863908494812 403007.830891
0.54046 0.610340386834 420035.671402 0.95311621346 423572.51563 0.862782992822 400597.509866
0.541459 0.60957768458 427904.623157 0.952589614868 441232.120296 0.862232492369 408494.989141
0.542458 0.610582617934 419519.3381 0.952471663968 444071.482492 0.8622994076 390609.657063
0.543457 0.613222299216 404285.462297 0.952979968361 429416.919889 0.86539626495 400144.247556
0.544456 0.613226059655 417997.504554 0.953898104604 441454.568418 0.864610622606 384643.616012
0.545455 0.613828324494 396078.78318 0.954517252899 438592.506614 0.862820214152 409876.186102
0.546454 0.614503511888 423147.75301 0.953898104604 446524.145581 0.865710921809 402876.603249
0.547453 0.615600549116 422170.710079 0.954480810163 437227.30002 0.867852152707 408386.804045
0.548452 0.61600251329 419783.858008 0.956580797597 436706.054823 0.86446113815 387902.104822
0.549451 0.619003404519 421803.890492 0.956471004581 437669.396772 0.865778378051 405921.730723
0.55045 0.619448195547 423732.128569 0.955575304112 442718.73354 0.867709074502 409862.968721
0.551449 0.618838687319 425323.684979 0.956562497011 437803.251242 0.865411243423 409307.409157
0.552448 0.619544139422 431986.075278 0.956855390445 440373.229684 0.866603693465 414341.45821
0.553447 0.62300249824 421747.056582 0.956397823239 451554.920128 0.867054529059 408648.614943
0.554446 0.622347244869 433142.388596 0.957469217365 439182.179333 0.868628609152 417580.102566
0.555445 0.623181090193 420563.819494 0.959462700888 451858.962136 0.866851595007 405683.019518
0.556444 0.623783621937 434140.827809 0.957753493406 444383.417669 0.869814816426 412912.9815
0.557443 0.626845275781 425781.786915 0.958616524632 443264.276905 0.8686889746 404473.768971
0.558442 0.626593898229 425539.012525 0.958965851226 446426.716394 0.8662358587 409663.209753
0.559441 0.627620314814 428766.797005 0.958515451269 445127.144951 0.869701344558 410392.731272
0.56044 0.629089079014 420657.879693 0.959205010887 446801.457273 0.868749348438 405151.640726
0.561439 0.626758842 430409.279912 0.95956397413 439951.036181 0.871558433635 415182.666143
0.562438 0.631560332959 429114.659639 0.959471906663 450075.114388 0.870488692352 413226.628624
0.563437 0.629953005506 427579.204479 0.960291928746 440247.503188 0.869867780097 413534.228963
0.564436 0.631640116727 420150.538022 0.960614793468 447795.562085 0.872022044717 408276.29171
0.565435 0.632991517914 424129.757715 0.960762461089 434153.859849 0.871619207001 407235.72618
0.566434 0.635106126234 431013.898523 0.961584691572 437607.750751 0.873316682095 407813.426726
0.567433 0.635994759403 430980.682285 0.961409041091 454520.766756 0.871019441154 410019.228645
0.568432 0.63607971351 437062.825572 0.960817848152 446725.792657 0.873263297617 422747.275121
0.569431 0.638369858729 419505.491483 0.962853126384 447267.430329 0.87260796342 414901.747427
0.57043 0.638667484161 429878.158771 0.962463907603 430626.251924 0.873576071004 398283.913877
0.571429 0.63973387071 407534.468854 0.960919407689 452103.952659 0.873782166106 418494.228411
0.572428 0.638859252918 435411.30098 0.962751157708 456266.630116 0.872996473094 409532.011287
0.573427 0.641412132952 429333.843774 0.963066403429 444776.429618 0.874844715063 414670.80846
0.574426 0.64333918772 427359.630586 0.963233381816 454285.451247 0.873316682095 408491.40857
0.575425 0.640951685062 434280.17635 0.963762528913 448231.516065 0.875166281594 417679.487588
0.576424 0.645682001614 426872.495079 0.963641795072 449789.866628 0.874898293073 407960.191262
0.577423 0.644263477992 426692.275843 0.964924977083 431114.464209 0.874477499694 408431.74163
0.578422 0.644924124677 429635.9729 0.964441058185 446514.163076 0.876032623455 408383.225371
0.579421 0.645590295487 414289.891032 0.964059848835 445566.909335 0.876816105358 402086.017547
0.58042 0.646349739844 434127.796552 0.964738796971 445010.493168 0.876862236174 416307.676121
0.581419 0.64878191196 423614.011982 0.96498084513 448972.330366 0.877431582272 401835.62531
0.582418 0.650004875037 426484.886508 0.964217874671 420473.594989 0.877316114542 396852.28306
0.583417 0.651168848082 406851.369362 0.96471087615 426561.223981 0.877177593376 389971.558499
0.584416 0.651465798046 426410.31037 0.966034236253 441869.878015 0.879082238143 410384.700433
0.585415 0.650414964748 426615.457536 0.966473049899 443268.493017 0.87956936284 403816.822556
0.586414 0.653091080082 416487.912895 0.96590360282 446119.499029 0.879321866976 419766.21297
0.587413 0.653376978916 449431.768258 0.966127567484 444495.501319 0.879414661601 405989.311852
0.588412 0.654390304553 441836.363847 0.967595235561 440423.632885 0.881468879741 402751.648723
0.589411 0.656086183481 425298.671063 0.966809432193 435879.6253 0.878981787497 389432.059059
0.59041 0.658514260126 418058.332553 0.966473049899 434170.937499 0.879522946754 397331.610488
0.591409 0.658388528238 416103.238505 0.967473539599 422456.030087 0.882363321921 393492.920643
0.592408 0.659517496999 414303.80472 0.966192910076 429972.464894 0.88056849502 393420.578701
0.593407 0.65988306872 434077.027047 0.967941768623 424574.115408 0.880754630567 396188.777732
0.594406 0.662651001597 397210.071396 0.968701262218 440499.490637 0.881639850121 404181.053049
0.595405 0.663042036865 432202.858886 0.968954691679 446514.638423 0.881437801342 391780.491792
0.596404 0.660606701194 422933.132201 0.969753391712 434983.225218 0.880281690141 393254.588106
0.597403 0.663455541844 417149.841815 0.967866821525 413103.716581 0.883517104891 373017.34396
0.598402 0.662936543714 434761.841582 0.968907750293 443232.89281 0.88092532396 404728.632427
0.599401 0.665956313266 437583.097204 0.968607433093 453091.471609 0.88272160726 413271.008884
0.6004 0.666293542283 434366.977247 0.968344808219 451267.308623 0.884212387816 425615.443627
0.601399 0.665996230461 427787.65972 0.969433753744 453282.439118 0.883798211192 412575.052921
0.602398 0.667850989087 427639.365255 0.970026190707 445700.428985 0.883602979509 408676.885122
0.603397 0.668645858408 432355.67284 0.96958414536 434928.196423 0.8827917406 390707.171575
0.604396 0.670767290704 417247.361803 0.970525151159 425890.736583 0.885841593806 362969.732215
0.605395 0.67174957176 433318.697576 0.970798384591 444010.370077 0.884924427454 411683.746934
0.606394 0.67149245914 422391.788831 0.970581669595 444246.921531 0.886516963502 410320.465035
0.607393 0.6707762894 428998.78899 0.970572249398 452603.522584 0.886831439948 410822.839859
0.608392 0.67420427041 427829.54972 0.971213239579 437093.341948 0.885763129224 396512.00605
0.609391 0.672097212141 419484.093964 0.971109492595 437101.085587 0.887571338546 412958.514166
0.61039 0.67438159208 409113.378813 0.971977877784 442333.079877 0.886540541499 410443.332785
0.611389 0.678030457128 428127.816594 0.971628449281 456529.344089 0.888659812137 408109.841117
0.612388 0.677258997386 421471.163373 0.971619008754 429444.619072 0.8882335699 400616.641292
0.613387 0.678352417648 422024.585125 0.971477422865 433959.808343 0.890440233652 394110.384253
0.614386 0.679380133566 423519.052937 0.972308649658 425660.797087 0.888572951839 407209.236397
0.615385 0.678338613069 423198.132978 0.973491817801 459010.408516 0.890178658857 421707.621154
0.616384 0.681059728938 439726.412285 0.97255451168 440989.030746 0.889252494353 409649.606007
0.617383 0.685166152792 430945.257274 0.972516678661 442989.465769 0.889450230812 410232.976663
0.618382 0.684050674474 434050.523793 0.973065545695 450688.340547 0.890741631482 411465.255582
0.619381 0.682165466055 439174.361783 0.972885676204 445595.311071 0.890083578848 392694.207572
0.62038 0.683484953079 423608.450144 0.974212592672 449192.069775 0.890479879607 398065.432127
0.621379 0.685927511181 437248.266875 0.974136671375 447503.168784 0.890249982195 409225.542643
0.622378 0.687152987741 429224.882596 0.973776206752 443570.856736 0.8901945075 405380.323372
0.623377 0.686318245771 436673.773987 0.97503900156 451689.621045 0.892825256241 410815.99931
0.624376 0.690684053487 433645.741037 0.974373964728 444369.293489 0.891178226734 411238.528512
0.625375 0.689526777772 426959.836721 0.973861555841 445168.719877 0.891003537284 407662.409233
0.626374 0.691778215904 430778.395267 0.974544887538 445489.76956 0.893814801573 416843.883702
0.627373 0.693375490563 425320.234609 0.975619274334 454872.224223 0.89363907705 412984.130704
0.628372 0.690789019218 439589.536557 0.97549555174 444559.103315 0.892705701711 421786.07523
0.629371 0.692372136176 442201.569839 0.975876336951 453714.422941 0.892968763953 425347.40779
0.63037 0.69211336817 427326.539802 0.976238358358 438811.841411 0.894766510679 409239.118239
0.631369 0.693514941779 435585.843344 0.976390868793 465086.035789 0.894574406226 421870.074642
0.632368 0.694131121369 440437.044854 0.975866813697 449494.382263 0.8963464917 417489.075798
0.633367 0.697432750047 437342.186594 0.976057314085 444586.905458 0.895030789059 415470.550186
0.634366 0.697204211113 426630.211448 0.976676954331 448845.008807 0.894886617866 409378.120257
0.635365 0.699760681847 432180.146502 0.977182782039 429929.713534 0.894078517975 398517.402281
0.636364 0.698655786267 418586.947301 0.977106397116 437013.188631 0.894718476831 407049.97501
0.637363 0.697388975675 411891.953468 0.977115944578 442287.83533 0.896394700515 406093.084815
0.638362 0.699246911077 438827.450989 0.977211429465 412002.408576 0.896772515716 398163.681447
0.639361 0.702114065451 405027.226788 0.976438538076 446735.784628 0.897070168829 408870.900133
0.64036 0.703318962183 415546.288838 0.977679575296 427408.840832 0.897778895014 397260.48416
0.641359 0.704513110989 415791.805907 0.977918598056 431391.594748 0.899029946688 391325.044014
0.642358 0.704245190005 404383.2975 0.977756049866 455709.922652 0.896651901799 417526.063624
0.643357 0.704597498679 430676.217388 0.977813413644 449067.02755 0.896009175134 410951.243003
0.644356 0.705547010597 428289.56975 0.978483155412 429474.080855 0.898109479546 407570.901897
0.645355 0.708395908305 436984.504532 0.979326419289 439231.850274 0.900219653595 407595.854368
0.646354 0.707103562388 418278.878248 0.978502304373 423242.972698 0.897666068223 397525.926403
0.647353 0.708270474329 431721.067058 0.978818370463 423481.423295 0.900827860804 385482.498304
0.648352 0.707739127358 414793.014102 0.978904605746 429411.204629 0.89920779793 414655.640302
0.649351 0.71190084645 425927.065531 0.978502304373 431991.414355 0.899466616297 418553.530354
0.65035 0.712875239704 396924.76578 0.979211343184 439155.508835 0.90133126628 416637.263784
0.651349 0.713561958585 434071.187069 0.979374375649 443134.553538 0.900998306123 415377.149773
0.652348 0.713877784123 420219.151347 0.979681407606 452880.126115 0.901436890403 409426.473545
0.653347 0.713154854445 441160.186128 0.97972939874 446067.783776 0.902665571432 409402.894895
0.654346 0.713607786888 419301.255213 0.980545967995 432535.356223 0.902967150055 403243.790986
0.655345 0.715583988093 411437.80912 0.980017444311 436460.204249 0.902543367209 418321.012674
0.656344 0.717401285583 436267.716241 0.980844114445 452763.285869 0.904052869012 421427.121703
0.657343 0.715056954286 446486.594663 0.980719063217 454869.757692 0.903897606479 409344.559401
0.658342 0.71920197349 427641.109299 0.980988443956 442126.056878 0.90393845987 409658.408328
0.659341 0.719129565574 437868.609268 0.980180745329 448857.497539 0.90281226019 406636.398979
0.66034 0.719823211419 438399.966553 0.9809403294 424358.47497 0.90404469597 394656.619993
0.661339 0.722485929587 432250.96358 0.981248344143 438687.004761 0.903570912245 412099.156015
0.662338 0.72092855598 447867.763653 0.981123189828 443069.954344 0.905059281383 410488.724122
0.663337 0.723118085183 430935.959174 0.980959574656 441072.504582 0.904903673004 410190.851079
0.664336 0.723353466671 404028.821331 0.981845673497 421503.353492 0.905477231775 387947.311805
0.665335 0.7239923836 430708.059839 0.982057803922 457550.786202 0.90543623918 419658.69433
0.666334 0.724648183307 438492.548049 0.982279674669 452588.871048 0.906191097579 411413.998244
0.667333 0.72583162158 422990.286249 0.982434078673 444296.332861 0.904428988758 401441.793245
0.668332 0.727505529042 440860.635491 0.982173550066 447177.304571 0.906577217715 414822.551102
0.669331 0.729586178719 432421.197619 0.982038515551 435699.416201 0.906248583987 406137.519003
0.67033 0.727219838557 445610.933569 0.982858940085 448929.561485 0.906552561918 413115.516219
0.671329 0.73089798126 433557.435478 0.982019227936 449967.923067 0.906922539746 416484.604393
0.672328 0.729969633263 432451.069244 0.982858940085 455780.241609 0.908124994324 403838.206834
0.673327 0.732209148221 426736.122416 0.982366520949 446121.871576 0.908273462974 415146.092327
0.674326 0.735499624895 426092.353954 0.983400204547 449204.096736 0.91005888081 421786.07523
0.675325 0.734020376406 437339.906512 0.98330350646 441350.979078 0.909611868616 413243.728146
0.676324 0.735423898335 435251.803041 0.983042516589 453483.863783 0.908397223938 421355.996906
0.677323 0.735023888276 435354.35629 0.983738797674 445023.713779 0.910572659145 414777.837002
0.678322 0.737397870395 439852.302555 0.983487249088 443423.608006 0.908851302838 421503.353492
0.679321 0.736089744062 435963.441596 0.983390533883 451310.524113 0.910771696859 414044.509027
0.68032 0.738470627331 436948.540902 0.983913022089 445986.676662 0.910075445254 424951.368175
0.681319 0.738497895281 434037.497956 0.984755977469 457954.943732 0.910042316968 407710.754366
0.682318 0.740702333953 433410.488724 0.98363235757 458452.501577 0.910506332572 416344.041619
0.683317 0.739262216308 430114.883829 0.98368073658 450708.196728 0.911311194547 420197.680965
0.684316 0.740236283422 426930.718869 0.984882060373 447164.909161 0.911103619815 417690.302201
0.685315 0.743577350634 438771.904314 0.984484523903 446578.344117 0.912950198567 414857.016253
0.686314 0.744651540312 422800.969327 0.984319785812 430557.2921 0.912034292489 419378.397079
0.687313 0.74316842426 434344.486638 0.984571760513 440653.136353 0.912950198567 398320.603003
0.688312 0.746285364598 413736.149376 0.984707492639 449319.106997 0.913742690058 408768.889816
0.689311 0.746485917543 436465.654495 0.984765675008 436532.431051 0.914252278774 425264.173938
0.69031 0.745117616816 438384.845568 0.984717189223 447055.287373 0.912683563482 406684.106727
0.691309 0.748116616418 405770.147969 0.985396424982 446699.625328 0.912983538907 393277.818357
0.692308 0.748430167723 429564.250227 0.985687812956 434499.269154 0.914386035496 416819.443009
0.693307 0.749445410396 434033.00647 0.984911161013 458652.529733 0.914060072028 420546.530492
0.694306 0.75208327066 448466.833609 0.986465690723 448672.159311 0.915524549791 417833.44059
0.695305 0.751247070136 425345.682405 0.985522671949 434622.183813 0.9153653223 405046.783665
0.696304 0.751800562347 440251.200002 0.985425556026 442554.30499 0.915231278944 398211.312027
0.697303 0.754466441333 409542.008212 0.985862728474 436547.878879 0.916279538562 414056.362471
0.698302 0.7532672969 440767.514615 0.985823852994 449656.778294 0.91481264637 398384.16305
0.699301 0.755709384399 436997.707856 0.98566838173 425760.176545 0.914921453993 408682.061775
0.7003 0.756280912982 427681.226216 0.987439766174 455093.827817 0.916590284143 417461.650855
0.701299 0.758552681484 439929.809325 0.98665061715 445410.764481 0.917885925137 423858.020886
0.702298 0.758063904787 436412.520407 0.986096045755 438846.734941 0.916817177487 411932.810909
0.703297 0.75893839697 431460.378267 0.986446228816 453229.049941 0.916531478274 405913.48108
0.704296 0.759809135945 433056.076387 0.987303279821 440480.061163 0.917347032382 420925.105048
0.705295 0.760138345179 431121.55431 0.987644566473 443018.943655 0.917540624111 407875.292951
0.706294 0.760913400446 435286.132669 0.986942747451 451673.083032 0.918889613791 414927.195151
0.707293 0.764029491538 436765.172949 0.987322775562 455705.466548 0.91978550602 411873.347814
0.708292 0.763352951504 440769.367383 0.987059648015 448930.041989 0.919168336489 412772.787707
0.709291 0.764041166538 440212.386557 0.987400766223 440928.763733 0.919793966152 418550.188953
0.71029 0.764134579382 441543.796412 0.98752752733 452958.379231 0.918206192383 416052.882698
0.711289 0.767153553455 433514.416359 0.988210646982 443655.310943 0.921005369461 414837.731475
0.712288 0.766283524904 432686.619976 0.988064184649 442194.110621 0.921073234533 417691.966037
0.713287 0.768202559651 440819.861311 0.988054422038 444832.091768 0.921378751163 418023.750081
0.714286 0.768468212312 440623.509563 0.987810419424 447641.67355 0.921404220031 417606.2957
0.715285 0.770374479034 437401.477088 0.987664075695 447093.410594 0.921905394068 415098.021945
0.716284 0.771372812194 438762.265414 0.988064184649 446550.292355 0.921964891577 423563.532955
0.717283 0.770487256141 438933.533703 0.987673830594 459216.957169 0.921557062813 419901.529516
0.718282 0.772218661436 445207.939709 0.988308312661 447533.250463 0.921675975594 407252.333472
0.719281 0.77384407042 431786.399611 0.988386459106 445948.741939 0.922875310317 419343.595876
0.72028 0.775446269328 433619.290421 0.988562333798 441916.899515 0.923574232279 415743.58588
0.721279 0.77561467463 442677.614949 0.988708943861 447155.374697 0.923412192735 417906.295739
0.722278 0.776638707673 429008.003682 0.988884933349 449733.439128 0.923958237088 419651.55637
0.723277 0.775716956397 431626.436592 0.988875154512 437065.102766 0.921913893242 413124.061206
0.724276 0.777067193 432955.049847 0.989305606395 447317.038835 0.92430838625 421599.1058
0.725275 0.777169858244 423576.365465 0.989149035085 449634.122548 0.924966701199 409666.410766
0.726274 0.778119285686 435136.657658 0.989462227279 436096.25446 0.924060692306 401232.499964
0.727273 0.781799702916 414145.48941 0.988826263226 427880.614251 0.923992386303 390210.283352
0.728272 0.780932746072 418424.090063 0.989276245499 417061.076027 0.925471759229 400168.298931
0.729271 0.780183343086 415468.904 0.989697251611 428338.994406 0.924923925007 399528.677965
0.73027 0.78099373643 434084.214928 0.989863794742 442348.940981 0.926294728457 420356.866534
0.731269 0.784633732973 440969.558064 0.98998138835 465540.821774 0.925685933277 421043.839995
0.732268 0.78440600855 455593.597386 0.989902989507 461505.892191 0.926363375298 427064.172076
0.733267 0.785885496483 459738.426261 0.989922588054 462323.37584 0.9256945023 437569.858483
0.734266 0.784043153735 467825.549633 0.989618897762 458751.354881 0.926921508287 425760.176545
0.735265 0.788575123609 441725.61707 0.990089207038 447757.797029 0.926071696471 414530.238056
0.736264 0.78642937471 456246.281166 0.990177439797 448225.289017 0.926268988514 418369.832475
0.737263 0.786262422946 423928.279041 0.990638466492 449290.709869 0.927884793824 419427.883433
0.738262 0.791107946679 448883.437894 0.990864231783 460399.005505 0.927368499147 423926.136679
0.739261 0.789010659534 443835.117787 0.990923144001 446275.1916 0.929730935867 410508.811989
0.74026 0.791565082481 437792.283974 0.990982063225 446557.899265 0.929532166461 418191.299181
0.741259 0.791089171571 443783.461218 0.990687537151 452208.263793 0.929437132872 421304.361801
0.742258 0.793052856973 450124.38158 0.990579588117 453807.203261 0.92866893881 425152.09692
0.743257 0.794167632904 441701.892841 0.991276764473 447509.375784 0.929661789041 429878.158771
0.744256 0.796419298832 448369.992816 0.991325898389 451063.967075 0.929653146411 404138.60352
0.745255 0.794792519413 449710.775657 0.991090100001 455079.014609 0.929670431832 409973.941075
0.746254 0.794016293214 445877.631726 0.991561809005 441571.222676 0.929955734107 407085.136161
0.747253 0.796761959397 432428.776596 0.991050811175 446969.533892 0.932801014888 403248.443222
0.748252 0.798798606895 433035.509642 0.991443839664 441838.691056 0.930864680201 402377.249777
0.749251 0.79959700311 436919.865288 0.991758486973 424543.603156 0.9330795357 398503.392829
0.75025 0.798677390242 420878.643412 0.991778159061 444300.097985 0.931610475028 406904.259282
0.751249 0.801538954793 445192.345454 0.991404522787 442211.826675 0.932783612857 422818.870428
0.752248 0.802214110946 437849.41118 0.99125711227 432698.225694 0.93331466704 357037.096309
0.753247 0.801089481695 396241.926235 0.99163063742 414255.1109 0.934012048755 404362.245291
0.754246 0.803787446448 436319.453402 0.99168964081 401134.265037 0.932444403002 387317.874985
0.755245 0.802716392271 426036.089569 0.992260369121 437761.213035 0.934448441807 395461.479715
0.756244 0.804324046072 432067.955634 0.991984763114 442667.803687 0.932027252477 409431.669206
0.757243 0.80471239579 436827.94663 0.991935563866 451381.434867 0.934457173828 406127.294346
0.758242 0.804395215457 439396.580624 0.992063492063 454681.886674 0.93370681606 416460.205812
0.759241 0.807669630814 440357.972274 0.992486874361 445533.778552 0.934282564419 405132.073722
0.76024 0.808185300726 434407.016294 0.992447474717 446426.716394 0.934020772622 414488.863766
0.761239 0.808969857783 438126.117694 0.992093018641 455765.383683 0.935025105424 413600.698159
0.762238 0.808937137495 434344.486638 0.992812040824 435053.158937 0.935558715665 416377.106677
0.763237 0.809651040402 437723.294187 0.992605092064 444146.250551 0.934570704947 409221.949254
0.764236 0.810136426974 441466.184605 0.992733193027 446052.129229 0.935331200778 412182.581487
0.765235 0.810510702794 436102.149056 0.992339141825 447092.934013 0.935952753105 407486.165516
0.766234 0.812486289294 428930.349378 0.992733193027 460318.160617 0.938420825435 410256.249743
0.767233 0.814212900389 454659.214583 0.993186738971 448434.229068 0.936180570508 418040.832274
0.768232 0.814571046887 433568.639774 0.993058520939 444057.848265 0.936408498844 405001.023534
0.769231 0.815940207902 444008.489962 0.99299935455 445918.872887 0.936970026329 411317.975568
0.77023 0.818190000082 437225.47691 0.992861327058 445916.976575 0.938517705137 419679.689736
0.771229 0.818042750914 426395.571663 0.993107831648 432230.473234 0.937330108918 408204.768856
0.772228 0.81751442913 445613.30071 0.992871184892 447962.473847 0.938323965732 419989.826449
0.773227 0.818069519548 425405.216262 0.993453143782 442272.444965 0.93828874898 407803.514012
0.774226 0.819813246542 443370.641139 0.993690068068 450130.178429 0.938033506557 414825.833251
0.775225 0.818216778353 442321.418026 0.99342353619 448631.846916 0.939522910266 428619.57507
0.776224 0.820634021845 424969.451835 0.993571591801 448117.06183 0.938121505497 414293.164757
0.777223 0.822916580946 441949.960223 0.993936984395 438369.725626 0.940822278672 415101.308454
0.778222 0.823818232745 418985.018925 0.993867835455 450024.892277 0.940052830969 411387.365615
0.779221 0.824619850249 435566.844903 0.994006142958 459803.945213 0.939081765849 421875.16659
0.78022 0.825096123698 430602.378716 0.994016023538 437730.603334 0.940406443665 400681.319038
0.781219 0.825900231252 428449.256857 0.993828326095 427397.952633 0.93984962406 410119.858962
0.782218 0.827246180191 436717.42245 0.994322418988 450547.944323 0.940247285036 411778.323416
0.783217 0.825866127101 417866.326341 0.99454986673 438973.959658 0.940955069395 410352.17875
0.784216 0.82753370131 438952.82698 0.994045666458 439523.663815 0.941406838379 405465.753968
0.785215 0.828541601074 428351.680449 0.994006142958 438538.853462 0.942320558608 418741.152064
0.786214 0.829510671655 431465.704357 0.994836797023 447807.992484 0.943832526357 372496.245556
0.787213 0.830695873934 421697.021491 0.994708152628 415127.191533 0.94217850514 401545.176302
0.788212 0.831732248754 432159.217595 0.994025904315 438141.220836 0.943173779769 409210.370985
0.789211 0.831234466306 428139.179041 0.994342192922 420005.807957 0.944260313683 409309.006878
0.79021 0.834271889209 424740.505804 0.994490522505 427697.798444 0.943734546347 420806.437049
0.791209 0.834654870211 446484.218236 0.994777418553 444790.579692 0.943476332896 425497.569848
0.792208 0.833527823159 446143.700193 0.994609218038 447711.435989 0.943440728336 417518.998027
0.793207 0.836967165778 436191.947985 0.994470742671 429455.611802 0.94416224484 417122.046594
0.794206 0.836848095334 439089.306427 0.994678470185 445018.047707 0.944278146571 402926.91643
0.795205 0.837942014413 434521.775795 0.994886284498 439452.285583 0.944661716639 409178.434328
0.796204 0.839997312009 415270.222907 0.994322418988 438473.295211 0.945841136523 411263.9321
0.797203 0.840470327195 440154.17922 0.994817003412 431099.841613 0.944750963646 394074.836848
0.798202 0.841375480636 430246.363328 0.995371522421 447281.262364 0.944233565615 411478.576509
0.799201 0.842183275925 437240.518021 0.995213025348 428223.105015 0.945993245608 411585.17498
0.8002 0.840781253941 434714.978649 0.994836797023 434436.712938 0.946862099004 404791.128826
0.801199 0.839750426173 447131.063656 0.995173408967 441990.943741 0.947167023433 420744.384713
0.802198 0.844630263102 431558.932231 0.994876386609 431560.708391 0.946037992886 395755.887079
0.803197 0.843340979625 440466.646574 0.995203120957 443166.391953 0.948163880645 413392.390741
0.804196 0.845737483085 439182.179333 0.995748155377 445998.532586 0.948469644229 425264.173938
0.805195 0.848370704063 450106.025875 0.99549042836 462965.346343 0.945778517587 414238.336688
0.806194 0.845801862456 463422.136581 0.995569714769 456385.782339 0.948649597298 417600.890499
0.807193 0.84695519607 431972.728162 0.99550033847 460387.887649 0.947346482503 416343.628339
0.808192 0.849350671412 451499.993003 0.99550033847 442620.622262 0.948910650573 404895.853545
0.809191 0.848025372919 430934.188153 0.995777901697 438246.514082 0.9490277211 410371.048728
0.81019 0.848068523937 450771.166923 0.99550033847 445921.243301 0.948685596107 431026.743507
0.811189 0.850130495031 444911.363617 0.995996095695 439755.45749 0.949460231858 418942.750638
0.812188 0.852914836454 457029.783237 0.996015936255 447563.81377 0.949820958749 412786.193431
0.813187 0.85206455241 455848.600546 0.995589538345 440051.660881 0.951040438239 421702.533249
0.814186 0.853140409849 451045.534661 0.995639100739 454630.138471 0.950236133679 421496.152644
0.815185 0.853198641708 456423.030172 0.995797733564 444990.191616 0.951628712542 414994.523538
0.816184 0.854810445784 442024.01553 0.995976255926 437028.670504 0.950145847388 404273.772013
0.817183 0.855981168414 432629.046965 0.996254084642 425907.170339 0.950254192997 413991.381233
0.818182 0.857434384834 437005.903424 0.996065541113 456652.113795 0.949929230272 420532.194349
0.819181 0.856853974946 447747.759288 0.996174689193 446871.434157 0.952371882173 420424.283005
0.82018 0.858914675416 444972.724322 0.996422841997 456439.421145 0.952344672584 419716.646753
0.821179 0.859505268767 456752.565644 0.996700919955 460492.517813 0.95228118959 418739.479858
0.822178 0.860451909343 446187.838486 0.996323566041 452517.580447 0.952743902439 421805.587262
0.823177 0.859963537546 446243.379713 0.996204461004 454657.243203 0.953934502857 413213.194279
0.824176 0.861504531514 452368.236 0.996502277008 446769.570316 0.952716671589 419628.464635
0.825175 0.861497109677 447567.634477 0.996214385336 448072.541041 0.95437149865 416132.549545
0.826174 0.862790436831 443211.348093 0.996472487395 447553.307162 0.952970886739 420106.351119
0.827173 0.863811481782 455244.977636 0.996611520829 445374.819352 0.953516090584 421978.305006
0.828172 0.863557858377 443445.173364 0.996830080345 448193.198515 0.954216683524 422527.526771
0.829171 0.862946790701 452424.838632 0.996273935481 453108.113656 0.955246692458 419919.606341
0.83017 0.865381286995 449264.722422 0.996830080345 454865.811298 0.955904141933 414516.309155
0.831169 0.86740801138 438858.214288 0.996611520829 451618.127159 0.955255817508 415949.32014
0.832168 0.867272601124 454566.085585 0.996482417068 448298.108392 0.954581034384 416762.287833
0.833167 0.868938070784 443013.328517 0.996869828738 455668.335736 0.954726852647 422075.972194
0.834166 0.870200842354 451844.358765 0.996969213591 449607.613404 0.95684623481 422952.750506
0.835165 0.870678171228 449599.90224 0.997227706975 461226.769887 0.955995525941 425378.035695
0.836164 0.872562279133 452100.05411 0.997018913449 456379.326666 0.957368385781 423657.228165
0.837163 0.872988851932 440656.839982 0.997247596633 451033.408894 0.957725975444 420590.388291
0.838162 0.871953612068 456027.520582 0.997018913449 448812.829509 0.956690615822 418034.165886
0.839161 0.874706973164 453097.8346 0.997118328032 447944.294037 0.957808534074 422010.148035
0.84016 0.874011274745 453580.473878 0.996939396054 449260.391473 0.958634903897 421951.985063
0.841159 0.874783491086 454297.260442 0.997108385682 452255.560863 0.958285818328 414392.628812
0.842158 0.874462205743 452273.60462 0.997366951249 459839.736527 0.958662474116 415158.41986
0.843157 0.87557240546 453025.894267 0.99725754176 451971.439717 0.958074653177 416231.246638
0.844156 0.877500877501 451227.013995 0.996830080345 449054.527157 0.959260218519 419331.437781
0.845155 0.876616261232 448235.34818 0.997217762443 455811.446406 0.958478702603 423314.308783
0.846154 0.880630531461 445855.355191 0.997456485961 447491.710161 0.958846316112 420857.527877
0.847153 0.882378893497 448728.320793 0.99707855982 448643.843895 0.959205010887 423770.230935
0.848152 0.881181488139 449046.834952 0.997565939109 456069.173089 0.961538461538 413376.908551
0.849151 0.883259581158 452388.240484 0.997108385682 457201.657754 0.961030224401 429856.130591
0.85015 0.882246552622 462735.50195 0.9975161847 451571.449489 0.960089096268 427496.402115
0.851149 0.88434531916 448855.095806 0.99767541628 458437.969991 0.961436771111 432389.547117
0.852148 0.883329800014 455422.929545 0.997904400758 456589.478084 0.961769656167 432643.773486
0.853147 0.885731747283 447503.64624 0.99767541628 457643.144961 0.960817848152 427224.25203
0.854146 0.886493386759 452830.742755 0.997695323802 452499.029042 0.961686413294 420316.427028
0.855145 0.885943618548 454652.807662 0.99755598783 454499.588228 0.961501480712 419656.594905
0.856144 0.887484690889 451912.028996 0.997715232118 450154.816705 0.962500962501 420822.058548
0.857143 0.890265833378 452188.275222 0.997994031996 460950.5179 0.961325860627 419120.251014
0.858142 0.889568914904 452034.763416 0.997814785619 455356.675638 0.96209351549 420445.355087
0.859141 0.889276218086 454646.893742 0.997814785619 457594.714368 0.963344732913 420909.053505
0.86014 0.890464020801 452970.608723 0.997894442726 449642.316916 0.963706801843 420243.992369
0.861139 0.891909489025 451661.40987 0.99822316277 453344.170723 0.963669654043 419051.996048
0.862138 0.892164122512 447797.952492 0.997894442726 453454.937803 0.96337257471 424853.656931
0.863137 0.892426865618 456356.484982 0.99803387327 432163.670384 0.964431756809 421262.047382
0.864136 0.895527734494 460610.852672 0.998243092158 457421.047695 0.964869115504 421690.237985
0.865135 0.894542396837 450324.942693 0.997834698704 453198.197711 0.964478265482 421894.262493
0.866134 0.895191033767 452972.565503 0.997974112552 454560.173921 0.965204382028 428956.231022
0.867133 0.897762775164 448301.462486 0.997984072174 454179.687923 0.965689067434 416777.610509
0.868132 0.897247245451 452545.898682 0.99822316277 449887.321798 0.966295609153 425350.858601
0.869131 0.897577438494 450657.833239 0.997994031996 454315.959589 0.965707718902 423029.535286
0.87013 0.898303105434 447067.200181 0.998412524087 448221.457074 0.965278917343 416071.867882
0.871129 0.899968501102 457195.178979 0.998512216797 451524.295392 0.96596891512 428724.723276
0.872128 0.900673703931 455178.775491 0.99833278425 454058.243851 0.966790738145 425106.851792
0.873127 0.901884035751 451517.976519 0.99825305715 449787.937249 0.966949660601 419343.595876
0.874126 0.901436890403 457921.444979 0.99822316277 452685.100141 0.967763788215 419433.336033
0.875125 0.902795959085 453685.467541 0.998392587933 454653.300496 0.967754422638 423135.373329
0.876124 0.903440300665 453825.371046 0.998402555911 445760.112569 0.968101069752 419255.570427
0.877123 0.90479723494 456729.686585 0.998422492462 455717.84483 0.967782519912 428947.018554
0.878122 0.90543623918 453385.334469 0.998631874332 456808.778283 0.967529703162 421755.962377
0.879121 0.905969432591 460123.239147 0.998701687806 459407.085791 0.968888975012 423155.010402
0.88012 0.906412871063 451969.004544 0.998731610854 456443.891615 0.967969876777 418192.967011
0.881119 0.90716112996 449460.664862 0.99860195726 453918.196753 0.969151895177 420159.376518
0.882118 0.90737514518 450334.612804 0.998651820043 461535.854467 0.969311594905 434201.051365
0.883117 0.91103721587 449676.543681 0.998651820043 449929.790724 0.968888975012 422238.709658
0.884116 0.910738517864 460452.075397 0.998731610854 451569.504795 0.970365051332 416647.196726
0.885115 0.90958704748 437586.749406 0.998721636306 449529.068297 0.969725179884 428702.813146
0.886114 0.912883525191 457188.700388 0.998771511041 453761.544711 0.97108120181 417343.266325
0.887113 0.91300020999 436178.33971 0.998751560549 451394.065147 0.97086436054 430004.203361
0.888112 0.912233969769 452576.66216 0.998711661956 451687.675334 0.971024625184 426068.547977
0.889111 0.913066900412 450872.925184 0.998781486586 452240.931846 0.97070414879 422571.798752
0.89011 0.915633526837 449696.792953 0.998841344041 456815.246111 0.971788966308 419450.953097
0.891109 0.916329915423 454058.243851 0.998731610854 451899.856596 0.972649107108 418798.851332
0.892108 0.917675344817 461354.616732 0.998851320981 450034.549505 0.972119609597 419730.507313
0.893107 0.91733020218 461655.234355 0.998801438274 453722.275889 0.971779522662 426026.569374
0.894106 0.918594183462 450612.806188 0.99894112241 453243.742956 0.973491817801 431194.684579
0.895105 0.919887037872 457053.190423 0.998971059808 438019.967417 0.972819425258 421203.66744
0.896104 0.921523093369 452777.459923 0.99894112241 457483.412793 0.973046608933 429990.97843
0.897103 0.919743207696 457025.799274 0.998751560549 454016.957831 0.973444435792 415893.640481
0.898102 0.920403504897 452581.057284 0.998961080476 447422.970741 0.973520249221 421592.325445
0.899101 0.922041399659 443754.350995 0.999070864096 454926.001247 0.974620872481 422037.324554
0.9001 0.922773117774 459347.71657 0.99902095946 455303.290994 0.973671911513 422452.200591
0.901099 0.923343982567 454344.995526 0.998771511041 455923.422591 0.973690872622 427357.888838
0.902098 0.923685134211 455817.886023 0.99906088277 453749.272474 0.974896417256 409104.998932
0.903097 0.925120728255 446881.432644 0.999250562078 453214.847599 0.975105555176 424654.069712
0.904096 0.925403244464 454638.515952 0.999080845622 453512.793454 0.975904907826 413369.982684
0.905095 0.926869960145 463508.173243 0.999170688329 465040.657618 0.976200238193 431512.757202
0.906094 0.926191777269 457709.566462 0.999090827347 445579.216309 0.975733507664 426941.583275
0.907093 0.928910480897 456560.651548 0.999120773719 448921.873562 0.9760477873 427153.332247
0.908092 0.928186231285 453646.702539 0.999180671849 458482.068682 0.97599063049 426446.294436
0.909091 0.929134882511 448883.437894 0.999240577161 457216.111067 0.976162121005 429793.58287
0.91009 0.930535523194 449891.182279 0.999100809272 469874.216373 0.975981105006 445928.828793
0.911089 0.931966449208 467494.959245 0.999180671849 464519.958845 0.977326035966 423517.342354
0.912088 0.931749359422 453112.029609 0.999180671849 457852.462989 0.976667415445 423307.473147
0.913087 0.932861927106 449731.510233 0.999280518027 453333.880955 0.978042936085 423901.286873
0.914086 0.933959708978 455462.493308 0.999220607926 456368.898657 0.979134640804 426162.921839
0.915085 0.934535769357 457265.957087 0.99937039665 451092.588808 0.978282136568 422368.394553
0.916084 0.935637496608 445968.656864 0.999420336205 452517.580447 0.97947030246 437929.871564
0.917083 0.936224394263 454293.323975 0.999410347895 447124.867146 0.97885669538 425569.668031
0.918082 0.93779599186 445081.32704 0.999270532511 459620.035526 0.979096294121 422190.682683
0.919081 0.937787197329 431198.23092 0.999220607926 443060.125683 0.978732150372 426052.534544
0.92008 0.938156709697 451003.339806 0.999420336205 450807.988418 0.979268877856 423316.017727
0.921079 0.939699484105 454227.890213 0.999470280751 453093.429433 0.980171137881 427445.429244
0.922078 0.939355226572 454632.109615 0.999250562078 445539.457764 0.979950218529 416014.917527
0.923077 0.940689525422 456492.078902 0.999340435313 444266.684744 0.980334490128 419600.338137
0.924076 0.942009872263 456896.358275 0.999340435313 452638.201665 0.981344638424 417151.501348
0.925075 0.941841299741 457504.870318 0.999450302334 453290.767004 0.981046187655 422913.515715
0.926074 0.943734546347 436161.55734 0.999460291443 455000.520707 0.981065437065 415769.13698
0.927073 0.944028547423 455940.273327 0.999470280751 450990.731382 0.98146021651 425316.784295
0.928072 0.944510035419 453044.488898 0.999450302334 454384.372217 0.982057803922 418268.450245
0.929071 0.946360298293 450338.480964 0.999540211503 451475.69323 0.982356870604 424442.643173
0.93007 0.94711319897 462583.929627 0.999600159936 460737.852133 0.982772006722 420960.591751
0.931069 0.946906928518 451818.075076 0.999540211503 456558.663645 0.982048159642 427136.802185
0.932068 0.946655937899 456277.053451 0.999510239982 455031.618825 0.983293837698 421805.587262
0.933067 0.947642738688 452335.549552 0.99969009607 447029.557874 0.98314882907 422457.732108
0.934066 0.950597450498 454619.790244 0.999510239982 456712.777449 0.98321649444 432103.565472
0.935065 0.950940956076 451895.474693 0.999600159936 456587.986967 0.983990474972 428252.836689
0.936064 0.95113994122 447513.673038 0.999590168031 449448.142544 0.983545287343 421230.317145
0.937063 0.952217715058 460163.623817 0.999570184821 457764.516108 0.983525940497 420189.261807
0.938062 0.952907320234 465371.399153 0.999640129553 459328.600934 0.984106677164 431700.626919
0.939061 0.953697963855 458686.135538 0.99969009607 450332.678748 0.984513601055 429841.59323
0.94006 0.953370641904 460640.69884 0.999750062484 455462.493308 0.984523293821 426568.598935
0.941059 0.956141776703 453543.688533 0.999680102367 461633.893843 0.985775262956 429841.152719
0.942058 0.956141776703 454087.246854 0.999710084076 452523.439101 0.985464400099 424922.523618
0.943057 0.956516748608 461827.555035 0.999770052888 460712.54785 0.984969367453 427275.172161
0.944056 0.956974429643 452456.073734 0.999650122457 454349.425063 0.985211968355 425656.909269
0.945055 0.95779936019 455975.465645 0.999720078378 454089.213294 0.985959930588 425027.157611
0.946054 0.958855510063 445491.662241 0.999650122457 460137.877771 0.986407307305 418264.696291
0.947053 0.95936144902 459208.410109 0.999830028895 460330.790759 0.986514348851 423255.358676
0.948052 0.959425879554 448691.83823 0.999720078378 449343.175171 0.987030420278 422108.254768
0.949051 0.96160318483 451910.081368 0.999820032394 454621.761299 0.987235050793 422652.704217
0.95005 0.962380544515 457669.611369 0.999750062484 456766.990577 0.986923266716 418259.691125
0.951049 0.963038579325 455224.225638 0.999720078378 451657.032589 0.98786896906 430036.828334
0.952048 0.96375324062 456096.449687 0.999810036093 453418.172816 0.987859210305 418437.865383
0.953047 0.96362322332 451889.632287 0.999820032394 461116.229367 0.988122764372 435498.554673
0.954046 0.96471087615 463609.102173 0.999830028895 455963.073364 0.988474388629 428340.74416
0.955045 0.965539881625 449782.149211 0.999850022497 456710.290917 0.98909033362 429180.962282
0.956044 0.966762698428 452226.791363 0.999860019597 452533.692112 0.989315393748 426708.337403
0.957043 0.965884943785 461669.970622 0.999870016898 455638.635443 0.98884581916 417979.592833
0.958042 0.967651413255 453403.468491 0.9999500025 447679.896851 0.989276245499 424938.882737
0.959041 0.969367972082 457969.944762 0.999900009999 453907.88091 0.989942187376 424030.709164
0.96004 0.969621750555 457831.472595 0.999920006399 457592.71745 0.989315393748 428467.639451
0.961039 0.970883212458 458579.316226 0.999910008099 454248.55147 0.990314722019 429343.072866
0.962038 0.971779522662 457632.659118 0.999840025596 452488.777603 0.990628652943 433029.697655
0.963037 0.971505736741 457038.747408 0.999880014398 458961.688121 0.990648280235 424703.948934
0.964036 0.971864522086 452756.932271 0.999890012099 452943.704712 0.990746428359 432314.674236
0.965035 0.974051274059 438336.740282 0.9999300049 436069.957436 0.990982063225 425406.94213
0.966034 0.973871039997 453903.459978 0.999890012099 450921.882425 0.991758486973 429352.302355
0.967033 0.975981105006 450083.324838 0.9999400036 453498.573324 0.991463499271 428535.493633
0.968032 0.975276734773 450799.751508 0.999900009999 450332.678748 0.991945403325 427454.577326
0.969031 0.976419469804 457144.850136 0.9999300049 457263.963038 0.992398229562 426172.015107
0.97003 0.977813413644 453416.212184 0.999920006399 451019.343822 0.992447474717 422727.675872
0.971029 0.978157737717 455257.330914 0.9999500025 452506.839975 0.992339141825 423119.152774
0.972028 0.978866277078 457900.44826 0.9999600016 446251.450957 0.993028936863 427983.216601
0.973027 0.979863798932 453677.125146 0.999910008099 455992.320228 0.993236062415 431872.206394
0.974026 0.979633421174 456808.778283 0.9999600016 444796.239973 0.992920476999 421171.523076
0.975025 0.981036563233 454588.748389 0.9999300049 452214.602001 0.993561720054 425785.677015
0.976024 0.982559567674 456117.281286 0.9999300049 452660.672639 0.994213676403 426373.898944
0.977023 0.982829960589 455813.427808 0.9999400036 448490.810561 0.99414448896 418851.547162
0.978022 0.982752690285 457906.947039 0.9999300049 455360.630554 0.994282873478 429673.383796
0.979021 0.983883980401 456381.313008 0.999920006399 449770.091277 0.994352080185 439591.379435
0.98002 0.985406135139 441006.650369 0.9999600016 450101.678691 0.995133795739 423649.953537
0.981019 0.986348930798 460831.502153 0.9999500025 452224.841021 0.995619275189 424639.45216
0.982018 0.986679822398 455420.951537 0.9999600016 457546.294024 0.99530217374 430594.863624
0.983017 0.987098621023 460409.113113 0.9999700009 455435.787014 0.995520159283 421635.130095
0.984016 0.988181351042 462002.548871 0.9999700009 450267.897496 0.996125073464 418263.027889
0.985015 0.988533017003 453101.750376 0.9999900001 455894.680093 0.996075462677 432107.571946
0.986014 0.989188173266 456329.673749 1.0 453697.736327 0.99666118503 430222.532221
0.987013 0.990040195632 458833.658053 0.9999900001 456285.491739 0.996820143741 418280.546777
0.988012 0.990824960862 459558.597144 0.9999900001 460559.769056 0.996740658048 436050.916743
0.989011 0.99176832292 464485.492802 0.9999900001 455747.060242 0.997227706975 432400.691131
0.99001 0.992920476999 460324.728204 1.0 449083.375269 0.99725754176 418563.972577
0.991009 0.993433405192 452263.363392 0.9999900001 455811.446406 0.99779487333 423678.625579
0.992008 0.993690068068 462464.069014 1.0 451452.853828 0.998183306382 424500.635592
0.993007 0.994599325662 458745.333857 1.0 465581.646268 0.998193270181 435134.400515
0.994006 0.995896904752 468478.192882 0.9999900001 462399.8289 0.998542128492 435170.517622
0.995005 0.996393057133 450647.665054 1.0 450290.133735 0.998801438274 425856.575728
0.996004 0.996979153166 456961.069608 1.0 450773.104746 0.999090827347 423603.316269
0.997003 0.997625650951 452290.18664 1.0 461233.363428 0.999250562078 431851.307301
0.998002 0.998462367953 449491.010296 1.0 448468.751671 0.999520230289 432493.877572
0.999001 0.999090827347 461757.391271 1.0 451361.519323 0.999770052888 424579.702634
0.9995005 0.999470280751 460670.548877 1.0 457441.501573 0.999890012099 426721.361177
