# energy, two eff, two rate, three-lin eff, three-lin rate, three-inv eff, three-inv rate
0.001 0.666200326438 499907.510703 1.0 526238.370962 0.998582013541 496968.993231
0.001099 0.66439443769 496882.44855 0.9999900001 530526.326441 0.998272987731 519934.200985
0.001198 0.663658083355 495765.964363 0.9999900001 520367.034396 0.998083679336 508173.808531
0.001297 0.665619425437 491900.646555 0.9999700009 515341.668633 0.99803387327 499612.750756
0.001396 0.66496435791 484594.277026 1.0 522952.510028 0.99791435899 513249.290876
0.001495 0.665552974689 470683.608851 0.9999800004 482208.663721 0.99803387327 455763.4027
0.001594 0.661725780836 480014.465768 1.0 441826.589839 0.997565939109 409617.600756
0.001693 0.663609638266 481269.154994 0.9999900001 491033.37825 0.997595794136 393118.94876
0.001792 0.664809631762 413828.404883 1.0 485097.573416 0.997197873974 467006.188441
0.001891 0.667267207153 451658.978037 1.0 495275.386928 0.997028854015 471867.103774
0.00199 0.665327141355 477401.774932 1.0 516253.800234 0.997337109917 506467.926023
0.002089 0.66460196988 482837.599202 0.9999900001 517734.772122 0.996690985927 499887.84922
0.002188 0.664712412175 484649.151694 0.9999800004 504574.282772 0.996830080345 509517.718245
0.002287 0.663979761897 477580.071985 0.9999900001 518185.715468 0.996581724684 497966.132684
0.002386 0.664301752428 483236.458781 0.9999900001 526718.145845 0.996482417068 493673.457618
0.002485 0.663380720829 479804.705955 0.9999900001 524832.513733 0.996194536869 504922.942835
0.002584 0.662646610563 493753.656679 0.9999900001 519312.981636 0.996204461004 502952.744575
0.002683 0.663086002254 493157.436802 0.9999900001 515429.696381 0.996115150911 510916.04969
0.002782 0.665088190694 483549.554473 0.9999800004 524128.140917 0.995886986745 502482.158624
0.002881 0.661738917527 477169.861979 0.9999900001 499980.212041 0.995847316689 460561.791954
0.00298 0.662853052107 470112.78975 0.9999800004 533005.979045 0.995758070619 502358.783216
0.003079 0.661454405948 462162.397429 0.9999700009 462494.155838 0.995530069986 482982.158362
0.003178 0.662699306817 452189.73774 1.0 499096.717076 0.995341800374 489725.61474
0.003277 0.663592023624 474771.149499 0.9999900001 509748.692907 0.99514369875 496319.761064
0.003376 0.663020056357 473083.777358 0.9999600016 508277.266117 0.994896182583 484733.167607
0.003475 0.664407680553 486284.275977 0.9999900001 523560.251251 0.994965474698 498082.036264
0.003574 0.659491400232 485217.666936 0.9999800004 506649.626563 0.994896182583 480903.308063
0.003673 0.662686131967 472665.804195 0.9999700009 502853.251585 0.994708152628 485745.88553
0.003772 0.661949175542 480593.628757 0.9999800004 527042.455634 0.994174139542 481296.767834
0.003871 0.661485033901 482134.387806 0.9999600016 516902.751932 0.994569649713 495481.33456
0.00397 0.661620706082 486506.512382 0.9999900001 515599.503861 0.994510303127 502401.506377
0.004069 0.661205112438 476992.413482 0.9999800004 501373.357416 0.994025904315 505699.13203
0.004168 0.661257579665 479554.003654 0.9999700009 529414.051554 0.993690068068 492479.951155
0.004267 0.660349324793 476889.911678 0.9999800004 517485.651116 0.993630826403 499039.11593
0.004366 0.659939681513 488419.111011 0.9999900001 493186.430713 0.993512364261 491852.769139
0.004465 0.661410656648 477837.96839 0.9999500025 507380.189413 0.993759192273 495515.28555
0.004564 0.661695130586 475644.437892 0.9999900001 517949.591869 0.992890901148 486662.876371
0.004663 0.661004065175 487264.996486 0.9999400036 530332.464261 0.993236062415 493763.538076
0.004762 0.660964744141 479733.363529 0.9999500025 512759.876086 0.993551848503 492909.388338
0.004861 0.659887423206 493002.087526 0.9999800004 502437.01425 0.993068382689 496654.750501
0.00496 0.659809051261 490857.53407 0.9999400036 529571.134026 0.99229975391 501693.001447
0.005059 0.659735050404 480159.537871 0.9999500025 523771.430427 0.992762759483 497539.64667
0.005158 0.661423780831 501819.051949 0.9999300049 532078.966264 0.992881042922 494113.128862
0.005257 0.659404425923 490929.925242 0.999910008099 520288.283818 0.992526277133 498151.840974
0.005356 0.660066006601 487572.000005 0.999920006399 507305.320272 0.992486874361 501456.677475
0.005455 0.658267177482 490315.853215 0.9999300049 526562.090026 0.992496724761 511624.026289
0.005554 0.659104540571 474908.229561 0.9999300049 522305.198889 0.992171764776 504126.106527
0.005653 0.659517496999 503509.424812 0.9999700009 534191.23781 0.991807668657 489612.995633
0.005752 0.656823078136 489624.998249 0.9999300049 532674.290867 0.991807668657 508734.708136
0.005851 0.660310081614 494376.375378 0.999890012099 510321.148079 0.991955242979 506136.673545
0.00595 0.658596662232 494215.016261 0.9999300049 540619.43743 0.991787995398 522182.299876
0.006049 0.659891777748 482343.416501 0.9999600016 512607.595184 0.991080277502 498563.968824
0.006148 0.65977422526 473079.508592 0.999920006399 503907.462672 0.991139215414 485368.709989
0.006247 0.660934164348 488684.294844 0.999900009999 524670.35352 0.990982063225 512520.528662
0.006346 0.66010957819 485590.110147 0.9999300049 504713.931935 0.990510905525 494743.174478
0.006445 0.656051749362 479777.264049 0.999900009999 529462.169047 0.99071698188 504741.871044
0.006544 0.659939681513 479630.228923 0.999910008099 514157.805831 0.99037356891 492135.553923
0.006643 0.658366855179 488928.108065 0.999900009999 515740.250031 0.990834778301 494738.505889
0.006742 0.656672117045 491584.136368 0.999870016898 522810.407087 0.990353952503 503083.652885
0.006841 0.658761528327 476646.578655 0.999910008099 512557.481343 0.990197049213 494880.353588
0.00694 0.658948186904 485736.32243 0.999850022497 516115.314003 0.990481473044 499637.747195
0.007039 0.656482435812 481716.873455 0.999910008099 517804.441141 0.989569932907 499031.990939
0.007138 0.657777894716 492375.887774 0.9999500025 522766.748761 0.989560140518 491944.494292
0.007237 0.658145871451 485977.202207 0.999860019597 509956.935228 0.989217528935 501756.619023
0.007336 0.656879167077 479051.1956 0.999860019597 511380.749873 0.988728495155 501230.159584
0.007435 0.65770867452 490285.476492 0.999870016898 534619.522268 0.989197958295 505459.019693
0.007534 0.657077712581 486329.383691 0.999900009999 528834.655955 0.988366921336 488820.412892
0.007633 0.656542777045 489781.085825 0.999870016898 521083.337475 0.988630746416 485984.522387
0.007732 0.656948212772 492247.603489 0.999870016898 521164.919222 0.988445077049 490912.687312
0.007831 0.653684492643 482924.324312 0.999900009999 520364.452032 0.98839622828 511176.950199
0.00793 0.654647341477 477771.563375 0.999820032394 513592.437489 0.988239944659 494562.33109
0.008029 0.655140560407 482767.574735 0.999900009999 521566.725609 0.988269244073 507001.774498
0.008128 0.656581573695 485533.898089 0.999830028895 506562.736641 0.988650294618 496534.219785
0.008227 0.655793608635 489260.609793 0.999880014398 527857.637272 0.987566537295 508867.409247
0.008326 0.655393891729 481496.226601 0.9999600016 511822.561514 0.987839693375 504721.827456
0.008425 0.65590114258 495734.322681 0.999780048389 530031.554432 0.988113000603 489519.281157
0.008524 0.656172284595 481159.839258 0.999830028895 515596.334786 0.986923266716 498880.039584
0.008623 0.654818811635 489773.078913 0.999840025596 503488.874591 0.987010936081 489948.719147
0.008722 0.654437412878 486407.214169 0.999890012099 528337.708536 0.987283784851 504591.886452
0.008821 0.654724491934 473614.771554 0.999820032394 510459.026888 0.987020678083 489217.809783
0.00892 0.654283265397 492555.135402 0.999910008099 524867.979117 0.986933006987 486741.37849
0.009019 0.653270270977 482567.06149 0.999880014398 505597.330678 0.986417037395 492805.143413
0.009118 0.65507618536 493975.792936 0.999870016898 508973.002359 0.986952488107 491767.420483
0.009217 0.654668770336 484298.839453 0.999750062484 532938.254036 0.986816136417 502510.453233
0.009316 0.655325172351 475169.707351 0.999880014398 515084.091146 0.986096045755 497213.482826
0.009415 0.653641765094 485691.324658 0.999740067582 533193.667227 0.986640882452 504418.938031
0.009514 0.655673212471 489009.053124 0.999870016898 516916.129843 0.986086321997 504599.171093
0.009613 0.654296108247 495029.877857 0.999800039992 510915.427334 0.985930767941 494961.529384
0.009712 0.652673350042 493717.621993 0.999780048389 537801.609954 0.986271106202 504655.634191
0.009811 0.654634484835 481127.82688 0.999800039992 521678.953136 0.985989094961 511252.343375
0.00991 0.653864009363 498725.808676 0.999810036093 542355.207862 0.986640882452 494139.324466
0.010009 0.65377423868 488478.837612 0.999790044091 523960.524672 0.985590664485 507897.512403
0.010108 0.6548574048 492887.377404 0.999820032394 504930.237038 0.98523138159 499562.765381
0.010207 0.654891713655 490763.916841 0.999840025596 508942.122647 0.985328459242 496931.898962
0.010306 0.654724491934 473832.53482 0.999740067582 518390.017575 0.984377922372 487108.811106
0.010405 0.654326076857 480896.691524 0.999790044091 523938.925691 0.984726885998 487331.801963
0.010504 0.655849521886 486518.927509 0.999830028895 512392.175163 0.984358542756 500999.058754
0.010603 0.653120938404 487467.167503 0.999770052888 523919.291798 0.985105209236 504352.217714
0.010702 0.653065489407 480970.035009 0.99969009607 532938.254036 0.984503908481 494792.199979
0.010801 0.650961144129 478301.68454 0.999760057586 529980.654707 0.984465140089 487134.835049
0.0109 0.651860736472 490117.039973 0.999780048389 524606.042413 0.983806544281 480972.241175
0.010999 0.65193298129 489004.492126 0.999750062484 517140.472248 0.983603332448 486338.970159
0.011098 0.654103518423 480436.187029 0.999770052888 511148.294163 0.983583983318 497583.915229
0.011197 0.652052007668 484834.585597 0.999680102367 519880.71127 0.983545287343 486630.127577
0.011296 0.652911987464 475916.447202 0.999700089973 509395.813395 0.983177827374 483406.884073
0.011395 0.651763018966 481498.437597 0.999750062484 503549.925746 0.983767830792 460572.41246
0.011494 0.648453762005 440014.729039 0.999710084076 507983.015171 0.983545287343 491683.254205
0.011593 0.651644098059 482290.726408 0.999760057586 506459.975778 0.983322844556 497383.883985
0.011692 0.651385170565 481363.60402 0.999790044091 491748.394078 0.983226161682 494971.459187
0.011791 0.648357063202 489136.225178 0.999650122457 504561.536046 0.983013526266 483676.133454
0.01189 0.652366786702 458913.480181 0.999680102367 484817.773051 0.982598186124 497767.566278
0.011989 0.650190831009 466705.31487 0.999670108864 491313.494797 0.982057803922 474297.623369
0.012088 0.651109490572 473276.485596 0.999760057586 524857.470355 0.982163903512 498959.565078
0.012187 0.649616401515 472473.592848 0.999760057586 490773.678933 0.981922801229 469476.606223
0.012286 0.651546445488 466085.047133 0.999660115561 507617.216102 0.98223143337 483825.66005
0.012385 0.650089387291 476258.519005 0.999800039992 510483.256535 0.982366520949 478551.624835
0.012484 0.650237336628 487260.467964 0.999760057586 493942.052573 0.98158545683 475140.640045
0.012583 0.649316918602 472873.632159 0.999740067582 496551.266919 0.98190351816 500951.787184
0.012682 0.649468734575 460080.842872 0.999700089973 495456.752265 0.981094312596 480261.250512
0.012781 0.648891369096 464416.061829 0.999620144345 506431.234666 0.98108468723 490978.197887
0.01288 0.650681588964 481264.737234 0.999650122457 520120.53422 0.980988443956 497883.968444
0.012979 0.647232434112 491808.937751 0.999640129553 513375.560737 0.980699827397 492894.907239
0.013078 0.651554935854 486662.876371 0.999550202409 518078.185351 0.981219459544 501481.858768
0.013177 0.65126638749 468799.172005 0.999600159936 508525.612969 0.981527649634 503164.524314
0.013276 0.648950322853 479956.790999 0.999670108864 524260.476325 0.980738299792 481255.349763
0.013375 0.649949953854 479832.699933 0.999680102367 502447.246264 0.980497896832 483147.395352
0.013474 0.650431886773 492748.985262 0.999620144345 497052.033808 0.980507510688 491395.231679
0.013573 0.65147428631 482874.842709 0.999530220796 522495.839271 0.979499084168 507791.750253
0.013672 0.650774747337 464502.982394 0.999640129553 521186.290091 0.980267220844 496359.113577
0.013771 0.646709220133 502707.399715 0.999630136849 538740.384233 0.980238393977 483835.148064
0.01387 0.649548888297 495842.741526 0.999600159936 511218.694086 0.979499084168 502373.825753
0.013969 0.647358131465 490838.578005 0.99969009607 501097.220629 0.979355192541 500340.454974
0.014068 0.649869701125 482346.189983 0.999460291443 523138.403359 0.979585439442 494374.044533
0.014167 0.64854207741 469285.404201 0.999590168031 517306.304784 0.979431929481 493615.358634
0.014266 0.648701947403 490843.173281 0.999590168031 527159.039921 0.978981272088 491060.398159
0.014365 0.648020944037 498330.582852 0.999540211503 531801.693172 0.979230520657 517997.567045
0.014464 0.64541529247 493615.358634 0.999530220796 520738.51609 0.978358705436 497289.529814
0.014563 0.64974724832 478714.390066 0.999630136849 528236.568348 0.978847113869 495432.172408
0.014662 0.648500019455 485460.279982 0.999530220796 530582.700513 0.978598060419 499071.774741
0.014761 0.647718734617 495404.66927 0.999540211503 521167.509537 0.978550180053 492530.264226
0.01486 0.64639569759 482083.405648 0.999460291443 508817.406748 0.978665100803 509904.858698
0.014959 0.648790330429 486199.157965 0.999530220796 522433.361566 0.978119467512 500264.665435
0.015058 0.646312142913 487340.861743 0.999530220796 520779.249804 0.977641342497 498157.165865
0.015157 0.646872372081 482928.216554 0.999570184821 521963.955488 0.978598060419 501736.211628
0.015256 0.645219568219 490114.176407 0.999610152041 519038.573626 0.97724007857 485991.279673
0.015355 0.645886349838 487838.534125 0.999490259967 500726.322877 0.977947288641 505326.263616
0.015454 0.645648650917 485439.491124 0.999350422226 505433.437409 0.977154136293 508174.424226
0.015553 0.646930959528 493846.673723 0.999460291443 524050.866983 0.977450223347 492181.753749
0.015652 0.644437856857 487327.272199 0.999490259967 527885.539955 0.977335587721 492319.827407
0.015751 0.646011524846 487957.71805 0.999380384162 515147.354135 0.976991842118 484939.970772
0.01585 0.644903328991 488741.808284 0.999390371873 519512.382425 0.976438538076 502456.876775
0.015949 0.645440287092 476730.551963 0.999380384162 506939.883511 0.976610186044 510159.763062
0.016048 0.644861741643 489157.902348 0.999500249875 529114.850221 0.976800976801 493773.419869
0.016147 0.645936414019 467224.161113 0.999500249875 523477.917922 0.976362269456 499004.086683
0.016246 0.643244008182 487400.32491 0.999330448599 513687.41802 0.976743731747 498450.210287
0.016345 0.647706148674 481871.83414 0.999350422226 518123.624181 0.975124572164 503076.411936
0.016444 0.645307004808 473316.541632 0.999320462086 507691.562812 0.975105555176 499632.390605
0.016543 0.645402795885 490742.097098 0.999490259967 531815.853405 0.976066841057 489593.564074
0.016642 0.643107495418 494525.595209 0.999500249875 533068.978753 0.975666868304 496327.396139
0.016741 0.646337207048 491228.908494 0.999300489657 500035.049988 0.976333671796 501716.406038
0.01684 0.645827951434 484400.075761 0.999320462086 526260.159949 0.975115063578 502759.824323
0.016939 0.643653894428 474223.61969 0.999320462086 502777.904309 0.975295758439 503131.931208
0.017038 0.644317442317 489668.441207 0.99937039665 523365.568186 0.97549555174 474581.518234
0.017137 0.644300836947 483075.055485 0.999180671849 521289.931283 0.974829892184 502399.099245
0.017236 0.645590295487 484325.123266 0.999430324715 499024.272428 0.975124572164 494075.877675
0.017335 0.644895011092 481382.940263 0.99937039665 526498.636149 0.974127182045 502343.741579
0.017434 0.644566625629 469047.669637 0.999350422226 515966.746299 0.974953445973 502295.012862
0.017533 0.642355646627 485295.703466 0.999300489657 515487.975892 0.974877409166 476183.9022
0.017632 0.642628091844 471751.935404 0.999260547195 512494.852818 0.973984864275 504278.845749
0.017731 0.643446815903 482900.416204 0.999170688329 510475.17973 0.974041786393 501766.223077
0.01783 0.641918566211 479399.981941 0.999290503742 530113.282331 0.972951936174 492807.459488
0.017929 0.642198888996 476162.819079 0.999260547195 534782.436845 0.97385207187 490910.389013
0.018028 0.64299998071 488732.696341 0.999330448599 514606.956628 0.974573380503 481081.471677
0.018127 0.642170020935 489488.431802 0.999230592444 518849.805476 0.973472864444 503104.17004
0.018226 0.642549636959 474115.337096 0.999210623607 507120.083474 0.972923537939 497148.654928
0.018325 0.642508352609 485427.692835 0.999290503742 532229.529873 0.972696411723 495230.943433
0.018424 0.64402697185 468055.256424 0.999380384162 533259.423221 0.972639646737 510595.11549
0.018523 0.643198497488 492887.377404 0.999330448599 499293.373712 0.973548682302 495675.737639
0.018622 0.641527348311 486710.313473 0.999230592444 507107.2078 0.97238428627 501806.444049
0.018721 0.642966906493 470991.222052 0.999320462086 506595.775776 0.97352972673 493225.2879
0.01882 0.64135042746 489968.178908 0.999250562078 526136.052886 0.972412653033 484139.519959
0.018919 0.640922929018 482558.178331 0.999300489657 528902.0089 0.972601807094 503405.482089
0.019018 0.642219510629 496369.099535 0.999250562078 502927.415351 0.971732307184 499383.733224
0.019117 0.640779187492 502641.733737 0.999190655569 526171.694667 0.971496298599 508502.185286
0.019216 0.643144720425 471093.320035 0.999230592444 515113.190191 0.972355921161 496423.148165
0.019315 0.641996867055 496078.496307 0.999270532511 538378.025911 0.971855076971 490635.897112
0.019414 0.64151911727 484489.042031 0.999040920716 524551.587173 0.971892858531 487362.946368
0.019513 0.643699469592 484770.704126 0.999030939988 506942.947066 0.971968430465 503859.640693
0.019612 0.6418032103 490314.133677 0.999340435313 532910.491757 0.971609568411 510326.736311
0.019711 0.640717603716 483535.618106 0.999130756242 518814.506952 0.971062342202 491067.297335
0.01981 0.643852815246 490917.858564 0.999250562078 526848.48363 0.970543989906 477537.116313
0.019909 0.637970742662 480462.053236 0.998961080476 518919.774928 0.970836084036 492751.300809
0.020008 0.641268171937 478500.851633 0.999000999001 498454.94919 0.970732417609 488162.168894
0.020107 0.640964009871 471313.536753 0.999240577161 512791.847763 0.971269838186 496171.804484
0.020206 0.640254052808 480030.397433 0.999030939988 523007.285909 0.970657037749 499176.311671
0.020305 0.639557937554 494601.405396 0.99898103934 528994.063437 0.970939772606 480554.533945
0.020404 0.639087893758 489528.993796 0.999130756242 513835.305302 0.970506313144 498283.221523
0.020503 0.640307347527 479232.36972 0.999210623607 496278.065957 0.970449803484 502418.958772
0.020602 0.640286848508 482257.454385 0.999120773719 526266.102714 0.969367972082 490235.04798
0.020701 0.639451606302 469902.642871 0.998851320981 518355.422193 0.970741840915 497592.179566
0.0208 0.642913168148 497193.443307 0.99898103934 524796.396509 0.969602947593 487025.666273
0.020899 0.639190018409 496837.716181 0.999140738964 520689.385485 0.970186178728 502470.119331
0.020998 0.639463873488 467608.579561 0.999010979131 516803.394834 0.969414958073 502151.889338
0.021097 0.637828322129 469353.672756 0.999010979131 529728.309741 0.968926526302 481058.849167
0.021196 0.637332381584 478757.557806 0.999220607926 523472.691283 0.96929280397 496423.148165
0.021295 0.638847008918 487493.229751 0.998961080476 519410.089992 0.969067369564 495084.219597
0.021394 0.639926280492 486322.617001 0.998961080476 522895.138076 0.968382317339 504395.887199
0.021493 0.639210447256 478611.146929 0.9988313673 521586.183569 0.968101069752 504253.382785
0.021592 0.638345408701 474234.87963 0.999010979131 525582.904882 0.968185426873 486802.955425
0.021691 0.638060296698 487450.171885 0.999000999001 526870.323171 0.967445460262 505418.211089
0.02179 0.637999234401 489009.623254 0.999100809272 510438.526675 0.968804495253 489284.58107
0.021889 0.638508444274 492950.5193 0.998931143676 531581.295373 0.967932399601 500924.266075
0.021988 0.636577757973 468316.037936 0.999130756242 518357.344038 0.967904293623 503755.55334
0.022087 0.636504824707 473790.250614 0.99902095946 496132.481665 0.966445028607 462798.303417
0.022186 0.637182125767 456222.956554 0.999070864096 479961.734008 0.967857453954 467579.908676
0.022285 0.637555865833 448736.002088 0.998991019071 470342.638954 0.967436100846 462451.32154
0.022384 0.63735675407 442200.171216 0.998711661956 491612.945573 0.9671366951 446719.607375
0.022483 0.635332088082 441056.734881 0.99886129812 470493.005934 0.967726326995 474822.209292
0.022582 0.637511156445 431318.841221 0.998961080476 472625.85822 0.966996412443 500475.381355
0.022681 0.637677832406 479721.840974 0.998751560549 525590.808216 0.966603837417 486071.818454
0.02278 0.636363057852 479842.031985 0.998781486586 525047.34973 0.965567850453 497361.471628
0.022879 0.636658814541 490368.591561 0.998801438274 481700.276435 0.966977711164 385006.223541
0.022978 0.637909697503 335239.654202 0.998931143676 446963.341858 0.966641211781 372213.614186
0.023077 0.636484568432 438966.149518 0.998911186806 478280.958864 0.966697278747 459645.219938
0.023176 0.63867972128 422556.04708 0.998841344041 480556.736301 0.966473049899 467243.939581
0.023275 0.636654761223 459360.293514 0.9988313673 504227.922393 0.966388990897 409963.522342
0.023374 0.635808748728 441762.371399 0.998781486586 491985.464373 0.9653814222 467036.869187
0.023473 0.635760242098 414130.359657 0.99867176655 508913.716621 0.96471087615 504477.181098
0.023572 0.636209211037 470984.875452 0.998661793197 535017.099152 0.965195065923 474509.573221
0.023671 0.635934091791 493269.372121 0.998582013541 535974.933423 0.965362783334 501685.800474
0.02377 0.635663251036 477340.923498 0.998771511041 431572.253788 0.965176434252 445307.201478
0.023869 0.635424940429 468120.555186 0.998851320981 512526.165167 0.965176434252 496897.164906
0.023968 0.63372159343 444277.037605 0.998691713855 513508.179541 0.963641795072 489124.816912
0.024067 0.636464313446 481292.349567 0.998741585602 517617.208229 0.965120543556 492179.443551
0.024166 0.635372455333 486045.907962 0.998691713855 526761.805127 0.965474627327 503676.911198
0.024265 0.634771513994 475018.48859 0.998651820043 505527.861075 0.963976209067 483680.595597
0.024364 0.636865602252 478462.096548 0.998472337324 529282.441438 0.963289054146 498715.727669
0.024463 0.636286125145 480422.429543 0.998711661956 514089.114578 0.964701569569 496366.749862
0.024562 0.630807370353 489624.998249 0.99857204198 520532.35903 0.962899482923 483395.741493
0.024661 0.635114193532 472723.871051 0.99857204198 516161.044357 0.96507397292 497874.512429
0.02476 0.633147821022 484616.113416 0.998691713855 512865.209619 0.963595367033 504783.178002
0.024859 0.634872263701 484503.033411 0.998651820043 527782.580411 0.964534081812 499220.871966
0.024958 0.633593106507 485714.947448 0.998681740103 522840.385682 0.964078437422 493744.356902
0.025057 0.634079221858 490390.951458 0.998751560549 504465.046017 0.96366036754 434499.269154
0.025156 0.633071663712 465911.605401 0.99850224663 503636.389835 0.964282959192 486760.019404
0.025255 0.632331088558 483271.536517 0.99860195726 526437.840531 0.963261217177 503238.17614
0.025354 0.634876294354 492773.878533 0.998552099456 509878.824422 0.962297195866 476025.013903
0.025453 0.634340666311 469807.901251 0.998552099456 514342.543984 0.962565815438 494088.100102
0.025552 0.634047058973 477112.868715 0.998422492462 508303.137096 0.963196270504 497072.061929
0.025651 0.634372858992 480159.537871 0.998382620155 504167.312757 0.963112780507 493225.2879
0.02575 0.632043332891 471433.26005 0.998512216797 522613.676434 0.962380544515 493649.054379
0.025849 0.632619106362 485335.573537 0.998492276662 522152.396698 0.962751157708 485776.264936
0.025948 0.63415562179 483208.622932 0.998651820043 515902.647346 0.962769695861 507805.275513
0.026047 0.633573035132 487645.126111 0.998492276662 514229.037245 0.962065747573 497193.443307
0.026146 0.63326008625 482987.163882 0.998542128492 532068.166769 0.962158313529 497730.352706
0.026245 0.633508815275 485759.949598 0.998372652576 514577.914749 0.961732657556 498603.678035
0.026344 0.632699157877 491009.235315 0.998522187163 514017.291985 0.961011753174 480757.786244
0.026443 0.630739731557 482418.311704 0.99833278425 505019.608126 0.960642477689 499135.917212
0.026542 0.632067302526 477402.318318 0.998312851281 505298.259775 0.962195344899 502561.030259
0.026641 0.631281248422 488180.918794 0.99828295332 530300.949896 0.960984047665 490166.871375
0.02674 0.632107255959 486748.156839 0.998442429809 524683.480173 0.960448721643 497918.8406
0.026839 0.631620168895 488176.373231 0.998272987731 514318.577278 0.960633249438 466337.41525
0.026938 0.632399069109 483170.771324 0.998243092158 508735.32519 0.960633249438 505006.838891
0.027037 0.633765772846 480970.586549 0.998362685196 520012.844403 0.96040260077 502788.150212
0.027136 0.630036353098 478184.989682 0.99822316277 524975.718191 0.96025504374 488961.736912
0.027235 0.630851144364 494192.888568 0.998452398782 538413.272196 0.96127041498 512773.040411
0.027334 0.632199168026 494622.986391 0.998452398782 508708.793208 0.960799385088 489558.134025
0.027433 0.630286528256 480106.774235 0.99828295332 521482.424556 0.95956397413 503410.315683
0.027532 0.630572686114 472219.326264 0.998183306382 513573.571367 0.960273485889 497946.032451
0.027631 0.632527072159 488524.9224 0.99828295332 527894.177097 0.959849495599 490159.997476
0.02773 0.63068403991 486921.068548 0.998312851281 534702.67128 0.959379856861 508341.948503
0.027829 0.630978521491 490340.501247 0.998123527768 511409.431979 0.959177409454 491376.809727
0.027928 0.630998428814 472802.203996 0.998043834085 522553.12363 0.959775796374 483243.696627
0.028027 0.628665908076 477582.247161 0.998352718015 521735.409509 0.959702108466 498982.121698
0.028126 0.628934773175 487899.821442 0.998203234178 518019.318719 0.958083832335 492007.394825
0.028225 0.631233430122 481294.55869 0.998292919108 528019.115072 0.958680855143 503986.782421
0.028324 0.628484159057 470236.648445 0.998203234178 494887.944441 0.958800349003 475031.938316
0.028423 0.628855671335 471180.111664 0.998243092158 533580.979738 0.957973694042 496805.93755
0.028522 0.628780543015 472415.587458 0.998083679336 534048.402109 0.959453495289 510331.703732
0.028621 0.629033678463 497250.619147 0.997934276049 514049.420664 0.957505888661 475032.476321
0.02872 0.627195183141 488479.406507 0.99850224663 508989.06129 0.957936986905 500653.404411
0.028819 0.632411067194 483419.141503 0.998113565361 511082.895683 0.957240085386 493681.01149
0.028918 0.629584159663 478947.807151 0.997994031996 517419.259332 0.956461856301 491540.352843
0.029017 0.629045549188 471393.522124 0.998173342783 512704.718644 0.957836056781 473520.665636
0.029116 0.629294937952 461109.639175 0.998083679336 490143.386348 0.95809301167 495064.35134
0.029215 0.630238860528 481521.654276 0.99828295332 513239.242213 0.956580797597 493703.093366
0.029314 0.629822075264 482241.374553 0.99791435899 514506.586654 0.956992745995 490179.474024
0.029413 0.629136572967 491717.263136 0.998023912653 509385.296422 0.957900282581 480129.856899
0.029512 0.626586045929 479415.872842 0.997864569821 503879.615859 0.957175948083 488254.796051
0.029611 0.628156486344 477515.913197 0.9980537951 497054.979018 0.955794504182 488512.973657
0.02971 0.628089414809 464511.213245 0.998173342783 514352.635897 0.956361236766 498388.020542
0.029809 0.627706986379 469626.94572 0.997874527257 527846.344168 0.957038539942 494429.990888
0.029908 0.628034190181 487261.034024 0.998143453177 519458.979462 0.956690615822 477673.62246
0.030007 0.628373580661 486762.279006 0.997944234876 526653.993064 0.956315507612 494924.15017
0.030106 0.626060389785 476095.257554 0.997894442726 506606.177877 0.955849319913 503172.975068
0.030205 0.625899730863 484172.493285 0.997964153128 510073.526014 0.956059505144 471682.437007
0.030304 0.626264270997 470911.901845 0.997984072174 500808.830026 0.955447483829 476002.32423
0.030403 0.629540561298 465008.176411 0.997984072174 497745.11933 0.953807121124 482720.903039
0.030502 0.626629236014 478372.601752 0.99779487333 511959.378223 0.955146328418 477782.992432
0.030601 0.627356507883 462062.606377 0.997874527257 512337.096796 0.955885867227 505096.237101
0.0307 0.626134869451 490970.7265 0.997884484892 505471.811806 0.955018622863 464049.707473
0.030799 0.625578660261 461201.411873 0.99755598783 498114.569923 0.95510071537 495679.838142
0.030898 0.625700001877 468766.163661 0.997695323802 505903.467974 0.954845362793 482798.138473
0.030997 0.6276360715 476455.987813 0.997625650951 508616.261444 0.955374459019 493230.507988
0.031096 0.625406514234 475461.654088 0.997645556487 508822.962096 0.954644824393 467650.288943
0.031195 0.628535512256 481190.199759 0.997884484892 509269.020014 0.955228442882 470391.167964
0.031294 0.626276037426 450211.349999 0.997745096083 501688.200776 0.954863597735 481240.993162
0.031393 0.625790059951 473841.63494 0.99754603675 500410.297158 0.953252497522 478310.957134
0.031492 0.62476180956 473469.350895 0.997526135185 502750.182195 0.954553698418 473834.675994
0.031591 0.626064309326 481190.199759 0.997396794367 531844.176132 0.954489920586 480621.714872
0.03169 0.624243105235 457312.323641 0.997386846462 502247.496429 0.953934502857 490511.385963
0.031789 0.623760276451 466740.111146 0.997476384747 504037.051369 0.953807121124 485267.629881
0.031888 0.622184614619 476480.885913 0.997834698704 524263.097503 0.952979968361 484533.817293
0.031987 0.625242281384 460125.762981 0.997496284326 486767.363186 0.952462592032 462834.0517
0.032086 0.625375225135 467486.101266 0.99730727037 512957.411966 0.953352463939 495734.322681
0.032185 0.624726682077 463703.410527 0.997526135185 492470.121066 0.952952724015 461567.852379
0.032284 0.624122327976 462523.736533 0.997705277861 493529.977949 0.951148987977 474130.879577
0.032383 0.623530805539 465983.555106 0.997376898756 503526.954267 0.953970903887 504943.002399
0.032482 0.626660650724 482700.348131 0.997536085868 503808.801961 0.952054533684 492210.633044
0.032581 0.62263786759 485401.289218 0.997187930037 508471.362675 0.952907320234 489486.146819
0.03268 0.623744713764 473289.836854 0.997745096083 527631.866957 0.951837045498 473271.679327
0.032779 0.623596906959 467077.956498 0.997645556487 499221.466157 0.953143467155 485368.709989
0.032878 0.623768058085 482160.437201 0.997565939109 500197.846467 0.952172381288 481723.512583
0.032977 0.624453603097 466152.905743 0.997376898756 501263.105813 0.952235849775 484677.153762
0.033076 0.624738390799 469514.444862 0.997575890586 493824.579002 0.951936715247 454946.726064
0.033175 0.62283564613 460434.889521 0.997386846462 505824.763839 0.952036405872 492586.37253
0.033274 0.62348026685 488995.370387 0.997526135185 490034.582671 0.951148987977 462756.944437
0.033373 0.623153906552 460976.354968 0.997267487085 475294.629583 0.952526099215 464539.509024
0.033472 0.622420843629 485006.140191 0.997396794367 537359.952546 0.951927653498 476226.614756
0.033571 0.621172027381 486045.344721 0.997506234414 512801.878915 0.951547215773 496948.973414
0.03367 0.620809535634 448470.669749 0.997526135185 494127.681632 0.951311859054 471209.225774
0.033769 0.621287805363 460587.585462 0.997426639271 481795.448202 0.950886701849 476989.701226
0.033868 0.622591349716 496147.740527 0.997416690771 517550.144062 0.950931913275 481271.363905
0.033967 0.621415211002 492533.734471 0.997337109917 529128.867729 0.950940956076 494797.453287
0.034066 0.622358864568 476566.966781 0.996899642113 502512.861432 0.950245163252 470721.114027
0.034165 0.621844140985 465646.77357 0.997118328032 490224.734335 0.950479992396 470475.062367
0.034264 0.623744713764 458047.465742 0.996849954145 488789.651556 0.949766832243 483122.352177
0.034363 0.62101386724 485328.272893 0.996889704123 480847.62454 0.949965326266 482467.144804
0.034462 0.621160451956 455653.485105 0.997128270581 505295.216066 0.95028128326 503839.66711
0.034561 0.621735886595 472969.614412 0.997337109917 523752.463106 0.949270959903 477737.823637
0.03466 0.621191320715 490275.733811 0.997138213328 502396.090362 0.949947277926 470626.042113
0.034759 0.619517272142 486442.753758 0.996979153166 530416.297295 0.950236133679 500418.058605
0.034858 0.622696024709 481605.142261 0.996889704123 503585.596143 0.949703692448 469344.744201
0.034957 0.621654720535 489138.506895 0.996859891342 523340.753237 0.949451217196 472453.369168
0.035056 0.622494459799 464914.882627 0.996859891342 516328.791676 0.949947277926 460971.795275
0.035155 0.620270437911 479177.619891 0.996989092939 489464.440547 0.949126803341 482111.112005
0.035254 0.622250430908 484874.379934 0.996939396054 522102.998949 0.948262782582 473821.293978
0.035353 0.62083651512 464034.818897 0.996939396054 519181.203883 0.947975125133 501172.663813
0.035452 0.617310624533 485884.874251 0.996810207337 521292.522841 0.948460648368 473525.476963
0.035551 0.621550395306 486099.985165 0.997058676903 514636.001786 0.94831673779 506485.050476
0.03565 0.622413095572 468911.330308 0.996929457272 507905.507844 0.947158052264 476015.829727
0.035749 0.621017723846 463291.094498 0.996939396054 518403.472582 0.94897368496 466779.068357
0.035848 0.619306253135 442993.208775 0.996730723228 504482.035294 0.947975125133 503519.700551
0.035947 0.620670821023 503438.71492 0.996720788605 515328.372091 0.947238798901 480037.539557
0.036046 0.619686190913 468860.48555 0.996949335035 485738.572537 0.947894252917 492379.933861
0.036145 0.62006275035 471222.46065 0.99707855982 519284.049082 0.94691589493 483565.721664
0.036244 0.620324305547 468555.124967 0.996929457272 493274.013024 0.946933828264 473715.870139
0.036343 0.618949766037 477842.323462 0.996790335121 501426.703042 0.94730161136 478324.593955
0.036442 0.61906854946 464224.848286 0.996790335121 486019.437051 0.947140110437 476483.592385
0.036541 0.618478912961 466291.79257 0.996849954145 497953.717642 0.948577607877 475065.835003
0.03664 0.617752985291 468680.258973 0.996899642113 505673.525437 0.94718496628 478766.848084
0.036739 0.617592746991 477356.678184 0.996919518687 512176.936124 0.947948166194 483619.80599
0.036838 0.618942104156 486225.084799 0.996641318756 511898.770019 0.946673861388 473399.345596
0.036937 0.617177278001 475224.083526 0.99680027113 510805.916345 0.946494657038 490995.440418
0.037036 0.616857481248 491388.323285 0.996502277008 499808.02757 0.945867975748 465725.364092
0.037135 0.61628344108 478036.749403 0.996760528283 502050.910066 0.945572828019 490443.705961
0.037234 0.617932398196 471344.2564 0.996641318756 505591.845542 0.94651257442 495616.580801
0.037333 0.616348014743 477883.700607 0.996601588583 523064.682474 0.945885869411 496785.34246
0.037432 0.61898041546 489890.921323 0.996551930321 526529.039223 0.945832190453 497455.263108
0.037531 0.616800409555 470787.158791 0.996651251794 491833.159394 0.9453672279 478093.963618
0.03763 0.618406243429 479284.941328 0.996720788605 518062.18766 0.946002194725 482292.944706
0.037729 0.617417343253 447821.857974 0.99678039931 499151.36138 0.944688488971 477313.219503
0.037828 0.616648269993 476172.008928 0.996452628642 497797.104821 0.94504559845 481178.607115
0.037927 0.617554607266 486854.940744 0.996323566041 509040.333122 0.944563564405 492921.553119
0.038026 0.616712920136 453144.828376 0.996512207275 500824.377896 0.945903763751 477415.903376
0.038125 0.614722606424 463175.470485 0.996432770681 499992.132311 0.943565356054 471771.037787
0.038224 0.615767338469 463057.348046 0.996541999263 503565.039704 0.94521532005 467447.025953
0.038323 0.617097297731 459499.692155 0.996402985223 511169.474401 0.945090256119 478004.606473
0.038422 0.615407338117 462494.155838 0.996422841997 503253.271389 0.94385034309 476846.53794
0.038521 0.618345061278 460110.620391 0.99636327405 496507.181904 0.944643869261 469459.791008
0.03862 0.615941805818 468542.039496 0.996085384439 509878.824422 0.943868160495 467715.474751
0.038719 0.614526169597 474493.469117 0.996174689193 509845.355687 0.944929508259 475718.885714
0.038818 0.617024952489 469448.231246 0.996472487395 485441.738482 0.943342829651 492102.064473
0.038917 0.614907825317 481180.815195 0.996442699563 524169.406672 0.943289438931 489476.43588
0.039016 0.614118586299 476417.022098 0.996184612932 513325.924874 0.943111513505 477351.788688
0.039115 0.615183970766 474030.139532 0.996164765652 505109.619148 0.944215734411 484207.707049
0.039214 0.613979075593 484890.635838 0.996383129241 505635.120408 0.943574259294 475574.327197
0.039313 0.613979075593 473291.973126 0.996323566041 518502.804954 0.94302257596 490761.045711
0.039412 0.615566444242 465268.153183 0.996144919163 496911.882134 0.942311679011 468226.116506
0.039511 0.615873524213 470294.119956 0.996393057133 513173.307624 0.943102618996 481005.336089
0.03961 0.613207257921 481287.379113 0.996244159519 509587.669698 0.943049255463 505813.783813
0.039709 0.613515752017 481475.223157 0.995827482847 496452.527357 0.943592066278 466111.463022
0.039808 0.614881358642 452986.752664 0.996234234593 504227.922393 0.940760322493 485196.337577
0.039907 0.615903869724 482900.416204 0.996125073464 510241.063521 0.942462654917 469166.769203
0.040006 0.615539920842 472511.916148 0.995966336338 517188.935376 0.940839981936 482839.822534
0.040105 0.616534214566 464517.386576 0.996174689193 503294.335049 0.942080868222 473039.492664
0.040204 0.614650816871 468300.874344 0.995797733564 520212.78311 0.942480419969 470167.595761
0.040303 0.616256855858 491178.285732 0.996164765652 512370.893481 0.9419300146 485411.400902
0.040402 0.614254387312 470869.608659 0.996353346751 509429.223134 0.941921142362 486983.256375
0.040501 0.615596759499 478429.896393 0.995976255926 492593.314652 0.941814688542 478908.979635
0.0406 0.614526169597 466579.15697 0.995896904752 490061.492768 0.941079041229 491192.666137
0.040699 0.613892384665 487141.624361 0.996006015876 523760.311486 0.94169939072 488150.237889
0.040798 0.612268638988 452720.280377 0.995658927078 514845.097358 0.940105855919 481000.371561
0.040897 0.612085006366 471109.194163 0.995767986059 482341.197739 0.941770339885 482341.197739
0.040996 0.612944154658 469289.604769 0.996055619746 507562.545228 0.939364050538 480612.352469
0.041095 0.611504852291 482958.800636 0.995966336338 531747.756337 0.94049488841 502623.663542
0.041194 0.613768044781 478949.994804 0.995777901697 502038.290512 0.938711524561 487403.156851
0.041293 0.61207376713 475567.317265 0.99560936271 509811.271677 0.939505256532 486253.269277
0.041392 0.613124543989 474831.347466 0.995797733564 511493.626305 0.938773211168 485086.35276
0.041491 0.612568684264 476476.014341 0.995639100739 511833.803965 0.940203083866 481760.584411
0.04159 0.612268638988 476812.386674 0.995906822958 512899.703215 0.939319932369 495616.580801
0.041689 0.6113366264 483084.514083 0.996035777605 502734.514526 0.940441819567 489756.493999
0.041788 0.61080265577 466476.930862 0.995658927078 520423.852892 0.940432975342 485396.795271
0.041887 0.612531162523 471688.80242 0.995549891983 522834.520034 0.939416997811 487082.224297
0.041986 0.612231153995 485356.353495 0.995530069986 510068.563618 0.939337579139 472090.170116
0.042085 0.614964547294 484681.634393 0.995956416947 529904.992925 0.939302286262 489557.562614
0.042184 0.610105792344 476374.275382 0.99550033847 503175.389621 0.938649846061 493323.328009
0.042283 0.61048197552 484959.034685 0.995539980886 483050.019809 0.938323965732 464986.009303
0.042382 0.609982981475 470654.559655 0.995956416947 519181.203883 0.937919132612 463258.857223
0.042481 0.611220791286 482953.795703 0.996105228556 502267.945437 0.938244731756 496312.126225
0.04258 0.613034336053 489401.617452 0.995163505364 488164.441532 0.941141039396 480558.938676
0.042679 0.611482416823 476514.989707 0.995371522421 504956.376328 0.938350380032 466174.147993
0.042778 0.611041520271 488421.954804 0.995708496381 503889.906714 0.937690468376 489363.931335
0.042877 0.611179699055 485043.719 0.995787817532 508388.160287 0.939337579139 489442.7362
0.042976 0.610083459417 468009.297022 0.995480518446 499470.556713 0.938385601411 483362.316836
0.043075 0.610746698914 468823.276272 0.99533189342 524984.260375 0.937611341347 494638.152541
0.043174 0.609043071526 459795.376289 0.995292267574 525157.792594 0.937444339242 481802.642945
0.043273 0.609837905085 479099.349368 0.995262550261 510975.802895 0.938156709697 494237.145934
0.043372 0.609206325998 491523.648027 0.995034776465 512402.816667 0.93704026462 488000.297852
0.043471 0.609707767067 468643.078295 0.995678754207 528717.329427 0.936531275462 508634.148294
0.04357 0.609050490286 486135.47987 0.995123892925 517477.351211 0.937716847021 493062.940318
0.043669 0.610332936617 491482.754822 0.995867151322 530692.798714 0.936408498844 494956.272591
0.043768 0.609135819014 486447.831266 0.995014974975 511529.807196 0.93567251462 496830.065398
0.043867 0.609555390298 477017.367678 0.994965474698 512271.39378 0.937664091216 471832.069656
0.043966 0.610791463579 466860.120191 0.994995174273 499840.191437 0.93687346587 481867.405308
0.044065 0.608798353809 483959.084537 0.995094185665 476320.176614 0.936355890147 435280.260111
0.044164 0.60741901586 466546.460499 0.994965474698 467598.153378 0.935698779849 433482.157621
0.044263 0.608546426007 446937.622942 0.995430971839 486914.285383 0.934824066111 485689.074988
0.044362 0.605972464611 468553.031242 0.995153601958 502797.793796 0.935646250865 483926.140271
0.044461 0.606681995498 464282.401386 0.995193216763 505781.456506 0.937584968638 488236.040476
0.04456 0.606564238186 461505.892191 0.995401246242 487837.966721 0.936303287361 467490.790742
0.044659 0.608413136856 450679.623752 0.994678470185 513948.63827 0.936961247283 478207.88792
0.044758 0.607326790399 465844.334415 0.995094185665 493105.836074 0.936312054081 473868.937397
0.044857 0.605286572928 473019.220511 0.994925878022 468068.314719 0.934684263656 488421.954804
0.044956 0.604426822045 471500.034848 0.995014974975 484294.365896 0.93357606311 452619.640369
0.045055 0.608550129317 457868.956792 0.995183312766 483224.767334 0.93443970995 458024.456777
0.045154 0.609351102011 469413.030024 0.994747731975 530253.35019 0.93387248905 463304.400079
0.045253 0.607437464313 465503.620876 0.994619110612 498862.832179 0.934404784152 467807.808947
0.045352 0.605499143219 470081.703558 0.994935776896 506924.566293 0.934631848515 483799.988465
0.045451 0.608094960109 468970.575739 0.994866488917 522239.5155 0.933366934543 491557.634881
0.04555 0.605407499788 476083.909099 0.995014974975 511912.514951 0.934361130577 476122.279863
0.045649 0.606247991804 466187.619692 0.994619110612 502232.461455 0.934684263656 473406.291761
0.045748 0.607028172177 479869.4813 0.994727941908 511975.62616 0.932314003356 407272.105825
0.045847 0.606089992242 430813.350343 0.995064480178 487146.71647 0.933009889905 495835.121355
0.045946 0.605125412242 468913.427236 0.994787314472 498745.378854 0.932261853709 478799.093612
0.046045 0.605000937751 469468.198465 0.994569649713 510365.857368 0.934038220844 480670.184908
0.046144 0.605414830242 475332.334535 0.994520193733 460178.26501 0.932444403002 459174.727734
0.046243 0.606023877341 477705.176814 0.99454986673 504138.831262 0.934125471733 477443.619293
0.046342 0.603857441335 468722.159765 0.994935776896 515610.279004 0.932627023801 482737.570466
0.046441 0.605968792607 467332.963416 0.994579541499 476826.480255 0.931358852566 447659.351016
0.04654 0.606156121571 445297.273309 0.994233446013 502633.90316 0.932766211477 474120.160515
0.046639 0.60387202744 477311.046776 0.994381743151 517791.656431 0.933244986141 485609.225212
0.046738 0.605752223111 454963.011173 0.994470742671 503344.465952 0.933253695685 448245.407795
0.046837 0.604200401189 480148.544491 0.994965474698 518847.238149 0.930570160337 475335.027975
0.046936 0.608583461136 478292.957721 0.994450963623 509845.355687 0.933070829407 466866.356113
0.047035 0.60283452795 469962.665663 0.994431185362 523549.141274 0.932531356367 491306.588701
0.047134 0.604058062061 479830.504209 0.994539975534 520705.545845 0.932914143911 481074.850234
0.047233 0.604605887652 475067.987337 0.994381743151 514424.552241 0.932305311343 482471.584667
0.047332 0.603369213689 476733.261272 0.993778943812 501042.149475 0.930700072595 480362.456107
0.047431 0.603879320757 476472.225409 0.994134605826 518731.093164 0.932131505113 477502.322447
0.04753 0.605965120648 471465.055214 0.994322418988 516062.607121 0.93094267255 489792.524724
0.047629 0.603875674076 489098.009583 0.99429275956 516641.066416 0.931931708044 478057.453919
0.047728 0.603919437147 469944.762524 0.994253216409 509923.456238 0.930552841443 487638.322757
0.047827 0.605532141646 477506.671403 0.994312532315 521400.743384 0.931627833313 480632.729931
0.047926 0.605301228156 471938.780677 0.99419390758 509395.813395 0.930336409646 487353.319491
0.048025 0.602442301089 489002.211659 0.994282873478 503192.895825 0.930795364639 492385.136071
0.048124 0.602754588469 481876.816673 0.993936984395 505423.083412 0.930154684724 486900.154394
0.048223 0.603132671094 460672.572748 0.994035785288 510277.067421 0.930916673649 484022.193706
0.048322 0.603336450572 474142.671104 0.994016023538 500453.286656 0.929264394305 475132.028193
0.048421 0.60216659541 471718.509954 0.993966622601 481502.859649 0.929774157857 487104.285487
0.04852 0.602279023826 453918.196753 0.994045666458 528974.715984 0.929817383866 497869.193579
0.048619 0.603923084356 483201.386137 0.994035785288 502737.527463 0.931020677969 472366.10788
0.048718 0.602340695944 459333.128178 0.993897469537 521686.090623 0.928927738711 488696.821371
0.048817 0.600943481266 485807.21083 0.993778943812 513320.898993 0.929419856126 475265.008459
0.048916 0.603092659156 484566.284533 0.99342353619 505070.691526 0.929687717896 457454.473273
0.049015 0.602028837181 459001.869143 0.993946863601 508158.416657 0.929973030782 487301.227692
0.049114 0.60302356013 471620.383228 0.993808572593 490393.244896 0.929039930136 471722.754193
0.049213 0.602841796227 468972.673196 0.993729566436 521473.995949 0.927721238322 471426.371663
0.049312 0.601243371292 465129.359579 0.994025904315 510920.406222 0.928712062112 472882.695484
0.049411 0.602438671743 486416.803705 0.993463013372 528550.095835 0.927712631735 487581.068718
0.04951 0.602104958936 471120.306689 0.993808572593 508903.219544 0.928324096509 448764.809289
0.049609 0.602217364335 455591.123026 0.993393930363 508745.198262 0.928496485641 492708.466712
0.049708 0.601880273976 421574.52805 0.993571591801 486821.601056 0.927996733451 483935.632226
0.049807 0.598877703184 454493.678293 0.993719691549 506095.755451 0.929126249675 470754.398272
0.049906 0.602645614247 468327.019081 0.994332305857 506629.431176 0.926809827891 478027.487438
0.050005 0.598759370584 479828.308505 0.993769067944 496472.507194 0.927643784787 483519.452927
0.050104 0.602010715791 464334.314188 0.993206467761 515052.465478 0.928039794346 485667.704165
0.050203 0.601938241136 473305.325258 0.99353210599 523897.696216 0.927910623649 473960.503894
0.050302 0.601391620209 463203.092214 0.993265658833 504698.748934 0.926011667747 463564.011737
0.050401 0.601764373142 474896.937624 0.993788819876 507004.225938 0.927316901278 480538.016922
0.0505 0.601124102071 480766.603242 0.993324856961 496288.048655 0.924761411556 473310.13221
0.050599 0.601283138217 469741.604845 0.99353210599 510079.108825 0.926466364639 495798.196154
0.050698 0.597675044079 468022.352752 0.993078244635 514665.050223 0.926586547816 478982.265009
0.050797 0.601153011476 460719.126696 0.993107831648 494039.795944 0.926835597902 490906.367041
0.050896 0.599775683894 476753.853026 0.99342353619 520589.859784 0.928393044479 492411.726862
0.050995 0.598368846524 475825.742871 0.99277261536 501436.893947 0.927617969815 478700.73101
0.051094 0.600373432275 479648.329129 0.993453143782 525036.833784 0.926646651099 473653.280212
0.051193 0.599247345334 465069.017937 0.992959914208 484303.313092 0.925848771862 489202.974194
0.051292 0.601022941046 474007.639627 0.993551848503 467307.450195 0.926612305411 484465.538331
0.051391 0.598011015363 464556.488145 0.992900759569 520665.469993 0.925394680831 499930.153115
0.05149 0.596473647794 454085.280432 0.99317687487 502714.630045 0.925291929604 475696.764725
0.051589 0.599311989836 471353.790898 0.992920476999 494437.56793 0.92725671102 482763.129423
0.051688 0.596391829432 444057.848265 0.992792327701 520833.571338 0.925574550402 484688.355496
0.051787 0.599085795077 470302.557323 0.992703628332 514760.42793 0.925446065003 478230.788351
0.051886 0.599132456203 474750.728657 0.993038798026 503362.588013 0.924932479929 489188.710054
0.051985 0.59765361192 455000.520707 0.992881042922 494366.469437 0.925129286818 490097.568386
0.052084 0.596836765145 467093.561169 0.992378532868 499094.341509 0.923966774155 477001.635381
0.052183 0.598007439213 474651.336487 0.992496724761 509159.595518 0.922262494351 488145.692898
0.052282 0.596082545511 433956.216433 0.992624797753 426021.376719 0.925266245362 462825.880177
0.052381 0.597007796922 471491.55446 0.992871184892 506298.578628 0.92397531138 487094.103151
0.05248 0.597771507819 477090.075221 0.992240677899 533675.349396 0.925891633643 493486.427754
0.052579 0.596865263635 488379.301391 0.992280061124 511153.277591 0.925009481347 483587.465454
0.052678 0.599793670977 461482.534471 0.992378532868 463168.821302 0.923139412514 485460.841867
0.052777 0.595628089821 464604.345076 0.992230832581 515546.268583 0.923386612741 449456.330135
0.052876 0.596925831965 435343.059511 0.992595239513 512310.813567 0.92330135633 477677.974537
0.052975 0.596843889512 474793.184484 0.992841611978 501215.185456 0.922466675891 485906.264192
0.053074 0.596640911667 457597.210539 0.992516426147 495461.434419 0.924641701341 489473.579795
0.053173 0.596288699137 474750.728657 0.992191453263 519453.189439 0.923224639019 489327.963638
0.053272 0.59849060669 481296.767834 0.992142233511 527799.184072 0.923156456556 470081.703558
0.053371 0.598129052324 474960.394526 0.992762759483 502987.727221 0.922492204941 491221.429475
0.05347 0.595702601433 482048.500172 0.992585387158 478824.237207 0.92295196958 469027.738173
0.053569 0.595993730146 466772.834766 0.992240677899 496847.132853 0.922739058622 481137.209377
0.053668 0.595649376951 436385.7312 0.992477024157 459922.430723 0.921658986175 468853.672141
0.053767 0.595816178793 469496.575856 0.992142233511 512327.083819 0.923548643307 480963.416634
0.053866 0.596591078577 418543.088652 0.992545979693 458524.170803 0.921692965639 445323.276594
0.053965 0.597175360545 445746.374455 0.992605092064 487502.862157 0.923173501228 469274.378066
0.054064 0.594184125777 474342.680396 0.992191453263 499934.9202 0.922739058622 472143.84372
0.054163 0.593257040478 475278.472148 0.991424180836 524373.210647 0.922228472882 503872.351979
0.054262 0.594742476508 477283.889366 0.992477024157 467169.518786 0.921735443493 452000.176735
0.054361 0.594293592921 476956.071823 0.992230832581 512576.272885 0.921293865104 488152.510416
0.05446 0.597471500609 466725.049434 0.991847017516 502760.426968 0.921293865104 477493.081178
0.054559 0.593158509749 470032.711637 0.991758486973 513817.050776 0.921438180712 477835.24651
0.054658 0.5957593847 479018.916107 0.99176832292 513151.961006 0.920572964613 496307.427979
0.054757 0.596366932646 463490.758483 0.991650304437 498584.118976 0.922611359191 476290.427529
0.054856 0.593401376691 476824.311957 0.99163063742 518666.946962 0.921514601399 488515.249563
0.054955 0.591982193176 484066.882715 0.991856855219 517028.27671 0.920471281296 489629.570829
0.055054 0.59218551988 480171.631172 0.991906046659 509211.519924 0.919920886804 490443.705961
0.055153 0.592813909786 474106.76237 0.991719145138 522755.672435 0.919988592141 487980.994087
0.055252 0.593376728951 478020.405 0.991994603549 502899.073769 0.919058516456 477979.548881
0.055351 0.594371303753 471609.247099 0.992240677899 510816.492063 0.920225639327 485632.277733
0.05545 0.59420177904 453852.379901 0.991591305727 443054.041492 0.921353283703 476170.387164
0.055549 0.594321849054 466740.111146 0.99125711227 514522.365503 0.92082727122 462434.495951
0.055648 0.594749550964 483299.379615 0.992014285006 494063.655853 0.919743207696 473108.324253
0.055747 0.594852149498 471357.498862 0.991610971184 486459.114996 0.917810105089 477331.688475
0.055846 0.594604558239 477858.65569 0.991001704523 518855.582056 0.917902775738 499400.381965
0.055945 0.592557478075 480408.672844 0.991728980304 526329.50055 0.91975166705 499148.985292
0.056044 0.591786010179 480496.729331 0.991158862943 513660.367007 0.920734009152 476310.981045
0.056143 0.591610956635 481433.774367 0.991817505579 502331.1073 0.920115566515 484855.322676
0.056242 0.594046466315 477953.949273 0.99163063742 494208.028354 0.920276451046 485006.140191
0.056341 0.593863019556 468634.700365 0.99134555332 505865.638124 0.916876020025 481951.013242
0.05644 0.591768500163 485152.000962 0.991483159659 509063.81042 0.918467628608 487388.997474
0.056539 0.592515346147 470329.453453 0.991434010152 496164.761133 0.917835377047 487980.994087
0.056638 0.593637394407 477732.926329 0.99125711227 517389.260942 0.918982502573 480199.11821
0.056737 0.59243461003 462384.536265 0.992093018641 505310.434976 0.919920886804 491668.845061
0.056836 0.591880582174 483101.206629 0.990658094172 520743.688272 0.918619498617 491024.180661
0.056935 0.591575958353 470168.122804 0.991276764473 484093.141357 0.919379602644 469318.485713
0.057034 0.5925820578 462577.80758 0.990442232457 499418.221133 0.918155609013 475866.231603
0.057133 0.590346651554 472489.027874 0.991434010152 510717.595101 0.91853512019 480485.170076
0.057232 0.591873575804 467351.188851 0.990824960862 513898.26189 0.918476064514 484575.801618
0.057331 0.590545368648 456216.505487 0.990648280235 487258.203734 0.917742720006 492329.651497
0.05743 0.592371440588 481000.92317 0.991306244238 511938.757326 0.91741435937 496684.745281
0.057529 0.591579457995 469148.926651 0.990648280235 526745.266669 0.917397526696 500415.073404
0.057628 0.590534906518 470351.078062 0.990412804057 490217.858813 0.916960093897 488326.421504
0.057727 0.589907856393 477670.902452 0.990883868411 517727.103284 0.916371900372 499642.508705
0.057826 0.591463991672 485137.972076 0.991365209029 508093.780966 0.917549042996 499276.137783
0.057925 0.591317099708 477589.316621 0.990854413761 528108.867658 0.917338617204 492358.548152
0.058024 0.587872196584 467338.170538 0.991188335696 519383.719231 0.917363863203 494735.588066
0.058123 0.589859141637 474635.222759 0.990707166776 508789.014641 0.916850800869 476358.585474
0.058222 0.58817647647 474401.696593 0.991158862943 516448.950493 0.916439084294 490330.75638
0.058321 0.589327282907 474415.111413 0.990540339755 522749.808688 0.915784460969 469135.807993
0.05842 0.58868199987 471540.320858 0.990589400693 509769.757312 0.915885111372 485505.234951
0.058519 0.591114368808 477920.183771 0.990187244408 522515.366619 0.916632292956 494632.902615
0.058618 0.592041774468 463379.130227 0.990393186095 499974.848105 0.915826395948 484914.741426
0.058717 0.59091526866 482455.490553 0.990530528151 496034.495197 0.91571737299 497482.994408
0.058816 0.590137620093 466914.69016 0.99024607615 492766.352395 0.915239655504 467941.418962
0.058915 0.589039159323 474568.094002 0.989609104404 520635.740282 0.914745700695 460776.319967
0.059014 0.587837639244 493568.889292 0.990412804057 515615.349816 0.914143630247 475002.887863
0.059113 0.589730434219 485321.534033 0.990128419656 515902.647346 0.915583226515 500881.793777
0.059212 0.58907385808 485581.115343 0.990099009901 512352.742855 0.915633526837 485497.929202
0.059311 0.589584401955 474774.911425 0.990108812959 511883.151673 0.914837753524 479464.648047
0.05941 0.589897416839 478595.30933 0.990648280235 516606.704069 0.914854492393 489155.049979
0.059509 0.585850537811 490347.38021 0.990402994979 523521.695119 0.913684248997 489632.428735
0.059608 0.589396752424 468037.498312 0.989481808377 513647.157082 0.913817839552 487177.271355
0.059707 0.589848703807 470119.112869 0.990010791118 496174.739273 0.91349228099 491000.038631
0.059806 0.589466238321 475000.736119 0.990599213464 514702.312802 0.914570014907 492160.385251
0.059905 0.589219637512 480757.786244 0.98981480565 529753.734152 0.912941863862 488539.147856
0.060004 0.58804504425 475472.433893 0.989677661985 517791.656431 0.912975203593 482790.913967
0.060103 0.587292171983 472384.72801 0.989609104404 516337.054778 0.914193772512 493491.072742
0.060202 0.586073716352 478863.050984 0.98981480565 506493.001508 0.912225648136 480410.873863
0.060301 0.586358945492 479519.463489 0.990108812959 522130.29655 0.912283902751 495515.870953
0.0604 0.589407174264 480464.254744 0.99024607615 508220.605555 0.912700223612 487811.8676
0.060499 0.589720000944 483122.352177 0.989853996536 516265.238198 0.913375470388 495417.542699
0.060598 0.585442389542 492703.257667 0.989423067409 531830.014392 0.913183632097 503349.298374
0.060697 0.585651537335 481403.383123 0.989393699541 504978.870441 0.912608600423 476757.646438
0.060796 0.588723588388 477046.665067 0.99014802713 509351.892444 0.911676755889 495714.402213
0.060895 0.588560733582 482090.608995 0.989844198523 520732.697508 0.914628569338 500673.126163
0.060994 0.587174925282 477399.601399 0.989785414522 513494.348788 0.913208649912 484237.894353
0.061093 0.587737445928 472961.081079 0.989413277926 516483.291856 0.910987419264 467685.226277
0.061192 0.585881429316 482996.062843 0.989423067409 517317.151385 0.913216989489 488791.93004
0.061291 0.586138985276 462243.891472 0.989501390249 505009.879127 0.91289185883 491705.157723
0.06139 0.585980990777 460115.163064 0.989481808377 526027.837071 0.912117480732 489483.29062
0.061489 0.583948425675 471415.774537 0.989902989507 524713.673968 0.912009338976 472408.670335
0.061588 0.586059977378 485366.463307 0.98908055072 521512.251044 0.913116924622 479855.75625
0.061687 0.585528087782 482481.019648 0.989481808377 506504.011042 0.911601958121 483040.562562
0.061786 0.58457653276 470648.222124 0.989912788683 514543.195064 0.910539494651 468599.097504
0.061885 0.583784793574 477589.316621 0.989325181294 510662.876136 0.911045515834 475900.247464
0.061984 0.583781385547 468715.350377 0.989736433188 528150.097589 0.910207982524 497321.960023
0.062083 0.585007429594 465750.704849 0.989100116714 485858.983685 0.912042610631 483215.303243
0.062182 0.58498005218 475596.976085 0.989070768013 522466.550987 0.909851876115 489955.587121
0.062281 0.583883643667 481063.263148 0.98909033362 500225.287811 0.91103721587 485528.839642
0.06238 0.584170157083 484578.040986 0.989070768013 504517.837876 0.911253064088 478917.728948
0.062479 0.584228176156 479651.071703 0.989902989507 505968.157922 0.910207982524 496031.562067
0.062578 0.583536112132 477368.0874 0.98981480565 508965.590886 0.911435784792 492521.588825
0.062677 0.584480864097 465924.544357 0.98864052042 509146.616071 0.910373708407 487854.989392
0.062776 0.585425252904 465047.360654 0.988191116162 502285.388554 0.910050598813 474066.572478
0.062875 0.584241829378 480905.513617 0.988924050633 509282.005702 0.911344415281 480688.363692
0.062974 0.58529162155 473572.526203 0.987966567211 507975.017289 0.912425409223 480854.791003
0.063073 0.583206000023 479218.68109 0.989129467156 512578.152115 0.910406860826 485024.648429
0.063172 0.581283823452 477609.982396 0.988425536962 509857.751002 0.910149992719 472504.996204
0.063271 0.583331875004 496287.461426 0.988826263226 516935.242347 0.909132233283 496785.34246
0.06337 0.580157454733 492121.118257 0.988259477408 520067.006161 0.907301051562 500829.16205
0.063469 0.584156507211 483699.56062 0.988796930774 533247.897803 0.909793931674 506115.908312
0.063568 0.58367234969 466897.018488 0.988611198988 525268.281931 0.911344415281 489387.341725
0.063667 0.582587621178 476466.812754 0.988650294618 514088.484468 0.909388527154 480968.380398
0.063766 0.584949255652 488968.577244 0.988523245124 507933.801429 0.908694387903 496046.814721
0.063865 0.583726862526 486020.000232 0.987400766223 508742.729958 0.910381996286 491185.763438
0.063964 0.583614440956 468125.779874 0.988122764372 526254.877605 0.907935355003 495815.192785
0.064063 0.582007810545 473980.85681 0.988181351042 522872.975011 0.909942946577 478633.539806
0.064162 0.581449437157 479705.929783 0.98816182138 518666.946962 0.908694387903 490371.4581
0.064261 0.5850793075 486142.241354 0.988093473643 514834.986111 0.908092007882 497109.177127
0.06436 0.582390830839 477215.466395 0.987839693375 515981.980076 0.907548077359 488362.242112
0.064459 0.581324373187 476294.754438 0.987810419424 514355.789701 0.906297863856 483404.655516
0.064558 0.582207731719 469649.031657 0.988122764372 516101.977509 0.90685674384 467412.124197
0.064657 0.582007810545 484514.786795 0.987995850417 506118.961916 0.907432781917 484463.300002
0.064756 0.580241612607 479345.19381 0.988171586114 522054.260334 0.907786996859 501672.599227
0.064855 0.580882011246 475144.946088 0.987859210305 513805.721034 0.907572787338 484486.803485
0.064954 0.581162208184 483173.554328 0.987781147209 527364.512726 0.907128213502 486954.421862
0.065053 0.578837693911 489857.164547 0.987732364039 510347.227546 0.905739672303 486182.814208
0.065152 0.579528727239 484231.185738 0.987790904421 513373.047298 0.906010473481 501512.439453
0.065251 0.58204507357 480095.78327 0.988015373519 532952.47486 0.906593655658 481866.85171
0.06535 0.579424631341 476808.050356 0.987908006006 528114.187287 0.907581024296 479078.554508
0.065449 0.578439255202 482795.915525 0.987947046038 530622.303751 0.905264110804 489977.909369
0.065548 0.579458206577 478585.479623 0.988015373519 512205.707615 0.905583829895 489068.924103
0.065647 0.578670215844 479804.705955 0.987742120287 502704.387138 0.904257243101 473355.001806
0.065746 0.578573122964 473805.771788 0.98752752733 513716.359468 0.906774512382 469302.73203
0.065845 0.578054730222 458198.582025 0.987634812152 498353.082638 0.905715062041 474277.779537
0.065944 0.581706494171 469637.988429 0.986923266716 500257.505406 0.906470385613 495856.810148
0.066043 0.579522010246 476036.359551 0.987449516643 506893.934633 0.906199309476 490761.619934
0.066142 0.579045501395 463680.34244 0.987020678083 503212.818159 0.906659413391 487795.415242
0.066241 0.579871500475 484449.310917 0.98724479722 511142.687923 0.905452635773 482229.731206
0.06634 0.579095799818 473583.755245 0.986757711512 512339.600101 0.905567428551 489481.005686
0.066439 0.578124909668 477691.575288 0.987478769206 512807.52161 0.90395480226 491168.507537
0.066538 0.580828028437 478743.349842 0.986962228955 516435.596751 0.905247721039 486800.130454
0.066637 0.579226616621 469212.431326 0.987196067011 508194.742977 0.904772675865 468750.447035
0.066736 0.579367562369 478443.539997 0.987215558517 511951.879523 0.903301567228 429512.78307
0.066835 0.578566428104 458328.762034 0.987030420278 526964.32004 0.903513765032 488918.419255
0.066934 0.579518651808 472775.557224 0.987157086307 508724.835471 0.902869318695 479271.797345
0.067033 0.579901764641 469584.883015 0.987908006006 522801.935498 0.904666268614 434654.162025
0.067132 0.577684064585 438087.220458 0.986816136417 520868.498309 0.904224537037 497809.512054
0.067231 0.577540601104 471235.696269 0.986825874574 519499.513237 0.90250263982 469911.592665
0.06733 0.576987433214 469228.178947 0.987196067011 523440.027156 0.904322662326 467319.946118
0.067429 0.576677988778 461018.916453 0.986835612924 478322.412012 0.903619901325 481486.830097
0.067528 0.578670215844 469980.043543 0.987108364756 517628.067872 0.900803516737 481083.678865
0.067627 0.578502834664 464237.693723 0.986183568209 511647.742521 0.904649900489 470951.558609
0.067726 0.576598186022 474291.18735 0.986504616842 513381.216065 0.90412643304 489286.864171
0.067825 0.576578238784 479952.397299 0.986144667423 486912.024369 0.90340765367 462013.235929
0.067924 0.576412065457 467774.940055 0.987059648015 498777.999229 0.903016073686 475482.136136
0.068023 0.575960558221 473543.119332 0.986679822398 494988.399181 0.903644397857 471388.754023
0.068122 0.576292479959 452631.851577 0.986310016965 501877.296664 0.902095568004 480743.459314
0.068221 0.575605825131 470015.329861 0.986543546032 507593.257753 0.903881266157 486355.324416
0.06832 0.577680727416 475097.583906 0.986368388866 507122.536058 0.902030470589 492683.580049
0.068419 0.573713590701 464865.416032 0.986251651972 510902.358215 0.902869318695 463331.525359
0.068518 0.577323872919 468401.809146 0.986543546032 521240.696578 0.903056847429 479159.007799
0.068617 0.577650694625 478517.228908 0.985814134603 502307.645325 0.901656342702 475694.067184
0.068716 0.577040704451 453642.286693 0.986105769705 512328.961223 0.904314484405 479517.818844
0.068815 0.575871004895 473738.342352 0.986232198509 473724.965778 0.902250212029 456416.573446
0.068914 0.574484830728 453559.87335 0.986679822398 487001.91582 0.902510785004 462796.260824
0.069013 0.574128616293 485062.791072 0.986115493847 499540.156235 0.900130518925 485401.850967
0.069112 0.573144730507 469082.816082 0.986339202052 519505.304292 0.899887514061 478121.213296
0.069211 0.574250602963 467047.270354 0.985600378471 508613.177632 0.902217650986 477367.544091
0.06931 0.574709340751 472440.06506 0.985911327135 520475.516839 0.900665591872 477320.281
0.069409 0.574838183051 472067.853991 0.986271106202 509494.199062 0.901696993742 475165.400859
0.069508 0.575691981762 469946.868705 0.985454688793 491990.658251 0.901786438936 475325.870404
0.069607 0.574468329561 466938.601022 0.98525079559 501917.535445 0.90129877153 455655.465134
0.069706 0.574653196796 487277.450355 0.985755828281 531079.17495 0.899749869536 484620.592918
0.069805 0.575307789667 476717.00588 0.985551810459 501602.404264 0.899636546835 467167.437426
0.069904 0.572731125646 459833.686899 0.985406135139 504398.313503 0.90015482663 473224.689843
0.070003 0.571373066616 467049.350644 0.985522671949 513030.821206 0.900381761867 473969.60893
0.070102 0.573075754884 455367.057439 0.985454688793 513146.310728 0.901144453456 478682.155945
0.070201 0.573345182467 465051.485695 0.985338168059 500262.278736 0.899620360208 465608.005124
0.0703 0.576568265683 452869.857401 0.985396424982 525337.361379 0.90089278475 492608.356588
0.070399 0.573644478098 484905.211024 0.985580950691 523384.507494 0.900041401904 469294.330498
0.070498 0.572066016418 477780.815426 0.984988771128 502686.312439 0.899191626728 486932.939543
0.070597 0.573272872154 459930.500042 0.986173842725 490165.152882 0.898997617656 486050.413936
0.070696 0.570092925147 481012.507254 0.985474111595 520175.363532 0.898093347823 473435.68164
0.070795 0.571395920233 459505.732998 0.985221674877 482104.462189 0.900098110694 461776.7096
0.070894 0.571311044585 454859.398553 0.985532384594 493379.036793 0.898286966754 470309.412907
0.070993 0.574408933208 471173.230673 0.984697796246 490448.293845 0.899636546835 484491.280598
0.071092 0.57109896574 454924.027554 0.984339163902 503096.325048 0.897722478073 477411.012666
0.071191 0.571729137604 468568.734632 0.984639621898 519877.48935 0.89986322079 474651.336487
0.07129 0.572875491241 475318.867794 0.985085800973 520221.170996 0.897488826264 446219.642454
0.071389 0.571964583953 478370.419371 0.984882060373 497435.794043 0.899046112075 489540.992293
0.071488 0.573519459515 474194.668014 0.984581454424 491671.150467 0.898844086505 490946.589725
0.071587 0.570792545449 469175.166168 0.984155102844 509512.766658 0.898868324779 484057.38561
0.071686 0.572642573685 473099.252278 0.984911161013 516761.370637 0.89998470026 475570.013368
0.071785 0.571879539294 472947.748361 0.984135732 509201.628744 0.897859502945 474811.458949
0.071884 0.569275085107 478379.69463 0.984629926842 495948.275658 0.897376072364 485986.774795
0.071983 0.569083945573 472735.059882 0.984823864252 513586.777507 0.898214349872 484041.185526
0.072082 0.569164921228 477584.422357 0.985192555885 529226.343316 0.898819849538 478697.999292
0.072181 0.569015943827 478672.868953 0.985017878074 505540.656673 0.897964314898 479473.417675
0.07228 0.567765671752 476748.975871 0.985095505009 495152.60196 0.898593700858 483325.555052
0.072379 0.567218191822 470643.469089 0.984562066793 515190.381845 0.898044956131 488815.855412
0.072478 0.564588979223 467683.140319 0.985542097431 522504.300943 0.898973372409 489440.451644
0.072577 0.565489317907 487488.696986 0.985697528856 520367.034396 0.898892564361 484973.053224
0.072676 0.564713323281 483898.224912 0.985804416404 514133.226118 0.899458525967 485512.540919
0.072775 0.564184443178 473603.541042 0.985037283661 497363.830728 0.898182079471 481387.360194
0.072874 0.561854569563 474207.534989 0.985522671949 524111.767418 0.897875626268 482085.62204
0.072973 0.560830477771 475748.563443 0.985561523678 512384.037841 0.900949600879 496565.963664
0.073072 0.560924852897 483526.141836 0.985202262024 502434.004914 0.899766060824 493096.560683
0.073171 0.558319235773 464897.877298 0.985318750616 518180.593974 0.899199712256 493571.212551
0.07327 0.560390480087 474383.453655 0.986134942706 530416.968066 0.89937763068 474286.36045
0.073369 0.559728643554 485219.912241 0.985241088494 527673.68629 0.899709393866 479430.120752
0.073468 0.560173877972 481048.918005 0.986368388866 518495.113346 0.900333123256 504377.690661
0.073567 0.55727381649 490966.128836 0.986144667423 529041.437314 0.899685110211 500926.659095
0.073666 0.559087122546 473818.617666 0.986601945579 529776.484378 0.900803516737 497057.335212
0.073765 0.558437714649 480678.998692 0.986718765417 528787.319101 0.900325017331 487942.958786
0.073864 0.555957080113 490107.303986 0.98724479722 523141.665825 0.900122416649 490577.937055
0.073963 0.555197761443 477436.010682 0.986845351465 513236.730109 0.901095732411 496933.66523
0.074062 0.555629639507 471324.658921 0.986757711512 524254.578771 0.901160694975 490616.958161
0.074161 0.555564814969 473123.800779 0.98666035204 518768.946867 0.901185058352 483390.7275
0.07426 0.55322585999 469816.847437 0.986806398453 519186.345176 0.904052869012 486327.128107
0.074359 0.554265348993 474626.629218 0.986962228955 507217.591943 0.90393845987 479372.58631
0.074458 0.55432679782 455765.878932 0.986923266716 513856.079271 0.903350527105 489872.039841
0.074557 0.553519832616 443162.177782 0.987371518281 506636.774767 0.902429339783 443081.6557
0.074656 0.555432126194 474628.240484 0.986874568242 525078.242755 0.902934537246 481981.473672
0.074755 0.552739654096 474748.041835 0.987790904421 494805.041596 0.90304053749 487175.007898
0.074854 0.552470926218 453903.951189 0.987859210305 516648.703114 0.903766900441 491410.200533
0.074953 0.552492292733 460778.344768 0.987849451744 506493.001508 0.904723561716 484985.390209
0.075052 0.551715006096 479016.727824 0.987430015898 520570.476088 0.904330840395 491867.189067
0.075151 0.55204699024 476206.068519 0.988044659619 497784.698206 0.905124816712 480028.199899
0.07525 0.550557714965 457954.943732 0.988093473643 517145.573202 0.904960996181 476226.614756
0.075349 0.551070454358 469765.806126 0.987634812152 516403.804909 0.905534627644 488162.168894
0.075448 0.551313504424 483038.337381 0.988376690124 519431.96046 0.905288696565 489315.97558
0.075547 0.552483135452 473496.075935 0.988298545225 514350.743633 0.904306306632 486114.069745
0.075646 0.553602568716 477468.077186 0.988933830437 517871.571232 0.907366911958 487120.125522
0.075745 0.552565561904 460005.154667 0.98867961837 523201.049819 0.906133618463 477105.813353
0.075844 0.550433466355 449812.055677 0.988669843592 513265.620793 0.907284587957 469117.967795
0.075943 0.552443457412 467816.157337 0.988767600063 510053.677009 0.907317515765 464677.435973
0.076042 0.551520265612 471491.55446 0.988386459106 521844.463301 0.906388224204 476610.289673
0.076141 0.551517223883 455442.216021 0.98915881934 531440.525168 0.907646925346 482844.825105
0.07624 0.550009625168 460034.41782 0.988630746416 509873.865813 0.907754034967 467410.040675
0.076339 0.550469825996 473663.978173 0.989423067409 498286.181342 0.907737554918 465568.72635
0.076438 0.552999469121 466729.204292 0.989237100348 488887.645583 0.910034035273 453722.766708
0.076537 0.553765048565 434280.17635 0.990049997525 485479.384826 0.90999262906 438475.587127
0.076636 0.552223805264 416807.430838 0.989599311239 463718.790527 0.909934666691 428906.663831
0.076735 0.551931207294 396381.602574 0.989687456701 456096.449687 0.909090909091 468860.48555
0.076834 0.553673067127 475934.268188 0.990206854212 531385.988339 0.908545781622 498767.916112
0.076933 0.554167059202 474777.598551 0.990285301195 505124.218553 0.911211546873 457523.834457
0.077032 0.552785486064 470882.824463 0.98998138835 513534.585774 0.91212580039 502489.984474
0.077131 0.553657739858 464039.439387 0.989599311239 526423.304529 0.910199697814 481435.984789
0.07723 0.553906146143 460670.548877 0.990265688284 516585.070862 0.91283352655 472728.666199
0.077329 0.553832521046 457226.57783 0.990079404368 497487.714937 0.911959436044 465458.161185
0.077428 0.552712158562 477587.14138 0.990000990001 510811.5152 0.91117003344 485396.795271
0.077527 0.554788098686 472900.823176 0.990599213464 508714.346184 0.91300854576 490513.106884
0.077626 0.555136119376 452228.741722 0.990844595934 518526.52218 0.913759388878 469492.371582
0.077725 0.554243845122 479450.946144 0.990079404368 514312.90128 0.914126917381 472210.288349
0.077824 0.557214817456 459690.055019 0.990609026429 504484.462427 0.912508668832 482634.806333
0.077923 0.556681288829 462641.586854 0.990412804057 517051.85923 0.91308357454 499637.747195
0.078022 0.556895197893 472786.748502 0.990089207038 530130.032963 0.914461290854 476774.44656
0.078121 0.558088657964 465086.035789 0.991306244238 505755.231727 0.915792847658 490809.859485
0.07822 0.557081339446 468990.502345 0.991247286461 498529.006247 0.915549696038 461220.68371
0.078319 0.558624888973 449929.790724 0.990913324811 486840.8132 0.91553293172 469012.528459
0.078418 0.560242921331 451726.106239 0.991551977155 508929.154285 0.916691111763 489651.29175
0.078517 0.561987186692 460691.2944 0.990795509715 505219.135263 0.916758342501 493283.875232
0.078616 0.560233505325 471520.176993 0.991896207981 500760.996483 0.917490114044 466550.612178
0.078715 0.561214468109 458068.475946 0.992024126027 522463.296935 0.917119876739 495923.647009
0.078814 0.558955870434 466302.678989 0.991316071216 502288.396111 0.918442321822 471062.633087
0.078913 0.561371993151 462551.790687 0.991915885533 492124.005322 0.917061002898 478725.317872
0.079012 0.563662907035 457575.744352 0.992063492063 510743.715105 0.91840858161 500470.603958
0.079111 0.562410717299 463334.084512 0.991738815666 510513.702173 0.918568869701 486182.814208
0.07921 0.566748845249 468636.794819 0.992211142531 498196.218544 0.920437391849 471067.394593
0.079309 0.564576229082 486587.222037 0.992398229562 507619.673496 0.919311986909 483678.364515
0.079408 0.5639998872 488262.185007 0.992043808655 526326.858669 0.919481044898 497814.829629
0.079507 0.564149431902 469660.075404 0.992230832581 515084.091146 0.920386562356 438995.094371
0.079606 0.565137780591 457251.500622 0.992260369121 506652.686611 0.920742486741 452857.633348
0.079705 0.566890210373 421252.73935 0.992447474717 466860.120191 0.92093751439 425491.95844
0.079804 0.569339907311 464340.996877 0.992644504224 501260.709578 0.922075407327 495704.44258
0.079903 0.568941484368 473325.621942 0.992191453263 512412.832604 0.920971440676 482413.872822
0.080002 0.571239246421 475749.103073 0.992093018641 523779.279375 0.921225967518 486062.242515
0.080101 0.569207037676 476682.873164 0.993157147255 517290.354726 0.922977525497 491048.325066
0.0802 0.568873516662 468911.330308 0.993038798026 531389.354486 0.923736328702 497416.326502
0.080299 0.568928536886 474084.255191 0.993009215126 513914.003448 0.923616883717 486123.647726
0.080398 0.57400009184 483234.231795 0.993541977149 519081.611437 0.924607504115 485283.912165
0.080497 0.573953968892 479935.921641 0.992969774 502512.861432 0.924693001923 492208.322576
0.080596 0.575529631143 459679.475166 0.993670320061 492766.352395 0.924111928437 482292.944706
0.080695 0.579048854352 473883.928319 0.993502493691 504011.612816 0.925891633643 469298.531227
0.080794 0.577931122169 473985.141858 0.993828326095 524230.334663 0.926071696471 488116.720568
0.080893 0.579602624441 485297.949493 0.993848080382 498082.036264 0.927841747312 477210.57979
0.080992 0.578998564084 472933.883133 0.993778943812 501205.602485 0.926474948117 477083.020533
0.081091 0.578101514626 475140.640045 0.993709816859 508491.705179 0.927609365144 491123.072798
0.08119 0.582502781451 470756.511716 0.993522235028 501819.051949 0.928988146111 471951.525517
0.081289 0.582968006716 456398.197608 0.993551848503 481774.418645 0.928850083597 477958.851113
0.081388 0.581676041346 469265.452528 0.994104957601 507737.656417 0.928591326957 482758.684192
0.081487 0.585641247884 471613.489372 0.994154372291 507223.112412 0.929730935867 496995.492528
0.081586 0.584122385322 470329.453453 0.994016023538 509338.903191 0.931983820761 470090.133306
0.081685 0.584682488175 485551.884532 0.99448063249 504803.226463 0.931567082146 489050.10593
0.081784 0.58641052255 467512.155104 0.994114840146 496199.392868 0.93111603568 500535.10652
0.081883 0.588602304967 474093.364982 0.994361967643 510170.31204 0.930908007671 495078.960197
0.081982 0.590601172934 466389.270044 0.994055547824 494961.529384 0.931662551824 472697.233107
0.082081 0.591936639102 474187.698694 0.994411407888 475255.853586 0.932105439767 475949.930156
0.08218 0.592603127759 465153.087931 0.994807106902 508006.395039 0.933375646363 478751.000179
0.082279 0.593746660175 470864.851151 0.994698258283 515596.968598 0.932009879305 471229.343079
0.082378 0.595277071713 487805.059593 0.994539975534 525411.724325 0.932157571916 492621.085097
0.082477 0.597293067817 461844.845033 0.994945675966 515865.845244 0.934125471733 494237.145934
0.082576 0.597225291297 474538.563363 0.994836797023 498731.145845 0.934666791289 483411.898401
0.082675 0.598615999808 476630.870805 0.994925878022 509276.440326 0.934247650367 480799.118713
0.082774 0.6009723733 476362.913621 0.994945675966 503073.998333 0.935690024609 467996.242019
0.082873 0.601930994631 483316.087014 0.995044677506 502773.082852 0.93668917843 480402.069909
0.082972 0.601283138217 465694.855411 0.994698258283 504062.492489 0.935926473616 497185.781565
0.083071 0.604277073124 476698.584442 0.995203120957 495252.579401 0.937505859412 475830.061341
0.08317 0.607673703528 470271.44603 0.995520159283 502560.428092 0.937277396618 474293.33267
0.083269 0.608024710124 479248.249511 0.994955575234 511333.369094 0.938024707571 477589.316621
0.083368 0.608231809307 484855.322676 0.995480518446 495385.36038 0.938121505497 474482.196895
0.083467 0.610918332437 461880.954793 0.995668840544 485681.763705 0.938464859183 462260.703194
0.083566 0.612171187551 476431.092316 0.995629187865 518005.883646 0.939522910266 482678.684042
0.083665 0.612392372041 466270.021255 0.995777901697 520771.49051 0.939152321115 486045.907962
0.083764 0.614280800039 483390.7275 0.995837399669 506431.846145 0.939620017665 492724.673332
0.083863 0.615930424499 469257.052331 0.995896904752 496901.874324 0.939522910266 471324.658921
0.083962 0.616435400652 477726.396742 0.995787817532 523496.865362 0.941575255402 472404.413744
0.084061 0.618712335887 473077.374239 0.995827482847 503070.981361 0.941300500772 450162.063769
0.08416 0.620690083235 487562.364866 0.996333492747 514249.843063 0.94264033558 501074.472381
0.084259 0.622207842308 474703.445029 0.996125073464 507877.217412 0.942258404945 496411.397461
0.084358 0.623068487688 476061.213811 0.996264009963 507841.551359 0.943013683129 472933.883133
0.084457 0.625696086897 483254.832198 0.996164765652 507823.105366 0.941513200015 487945.229384
0.084556 0.625183647697 494193.470851 0.996144919163 517474.797448 0.942533719144 490691.574615
0.084655 0.628168323984 480995.958734 0.996194536869 498539.079707 0.944073109022 492118.808628
0.084754 0.630656197774 480605.193231 0.996532068402 531852.943302 0.944599253767 468929.154792
0.084853 0.628994112615 472259.735288 0.996442699563 494224.916133 0.945689076345 457632.159804
0.084952 0.633396461847 476029.335991 0.996115150911 497109.177127 0.945698019708 459366.330691
0.085051 0.633697498162 457508.862637 0.996561861578 505172.889334 0.945313607789 492467.80816
0.08515 0.634079221858 480404.270867 0.996472487395 510944.057264 0.945841136523 472690.307734
0.085249 0.634985141348 460298.964128 0.996700919955 503035.987134 0.947211881826 477520.262401
0.085348 0.640004096026 473917.661362 0.996939396054 499693.105354 0.948253790645 481923.325283
0.085447 0.640245854408 474212.360285 0.996750593067 494726.251264 0.94767866112 463402.680337
0.085546 0.643479939513 470251.410428 0.996840017146 495539.873655 0.948568609968 500385.223362
0.085645 0.643281248995 489914.954405 0.996830080345 506588.433373 0.947948166194 476587.544173
0.085744 0.646876556547 475188.010813 0.996830080345 511715.78286 0.949523339284 496315.062674
0.085843 0.645302840623 468875.685404 0.997088501575 486932.939543 0.94960448973 492921.553119
0.085942 0.650233108569 476762.523771 0.996820143741 519634.027739 0.950543235459 466411.052496
0.086041 0.649426556351 468210.436072 0.997128270581 528910.012371 0.95047095836 479844.227815
0.08614 0.652592423402 495422.809295 0.99725754176 487548.196237 0.949983375291 508111.631085
0.086239 0.655050438884 495036.889024 0.997287378331 513663.512327 0.95164682483 493712.391589
0.086338 0.65626271509 480251.902147 0.997207818109 524939.581255 0.952580540685 493586.31427
0.086437 0.656719554481 481510.045656 0.997247596633 507007.29027 0.951483839047 483872.545627
0.086536 0.658327847268 430011.256989 0.997426639271 455697.0497 0.952099856233 495032.799152
0.086635 0.661769571835 476303.94938 0.997526135185 518331.080062 0.952598689224 463869.568535
0.086734 0.661756433927 477433.836837 0.99730727037 495323.933017 0.954717737701 476571.840213
0.086833 0.663389522426 471002.329013 0.997456485961 496341.492277 0.953497907072 488501.025498
0.086932 0.667993747579 475671.948503 0.997625650951 479726.779144 0.953761635892 488615.410424
0.087031 0.668614563762 457375.157845 0.997655509553 479738.301936 0.954398824181 484046.213023
0.08713 0.672608037666 460965.715824 0.997645556487 499243.452219 0.956269782831 485568.748032
0.087229 0.671921089587 482630.363465 0.997964153128 507485.166149 0.957130140985 472094.421045
0.087328 0.676320007575 490068.936508 0.997884484892 516625.157354 0.957212596918 477422.967912
0.087427 0.677387452075 489330.247144 0.997894442726 502628.482134 0.956443560266 481983.13526
0.087526 0.67817760115 487227.638697 0.99767541628 509928.415811 0.957918634391 489320.54239
0.087625 0.680721292281 488400.34281 0.998073717725 509074.314122 0.958396028407 487141.624361
0.087724 0.681333505938 486187.322721 0.997755051135 515270.128661 0.957836056781 485783.579064
0.087823 0.684940889601 493330.290919 0.998083679336 508654.503825 0.958699236875 487251.411173
0.087922 0.688643578743 484348.613344 0.998043834085 516195.347441 0.959186609755 498951.848807
0.088021 0.689550550951 495366.052996 0.997854612583 446241.48064 0.960301150441 456475.187355
0.08812 0.69044084648 471620.383228 0.998372652576 488474.855384 0.960605565749 483482.109923
0.088219 0.69350051319 479227.989274 0.997944234876 511145.17957 0.959379856861 496860.081359
0.088318 0.694931861931 487458.103026 0.99822316277 501884.503136 0.960384153661 478732.421213
0.088417 0.695507024621 493529.977949 0.99833278425 502873.749951 0.961168781238 467043.109832
0.088516 0.700967334922 490438.544693 0.998243092158 489504.998565 0.962714083544 455056.302898
0.088615 0.702227465521 474418.867698 0.998263022341 502369.012043 0.96164017348 479904.071909
0.088714 0.704240230427 487804.492268 0.998462367953 528245.216982 0.962223120297 492992.236582
0.088813 0.705581858079 500250.345582 0.998263022341 523389.732372 0.962890211258 489488.431802
0.088912 0.705666502011 475995.841864 0.998382620155 495675.151859 0.963251938545 492450.462064
0.089011 0.710297898939 490848.343068 0.998412524087 494728.585431 0.962945843926 482537.082139
0.08911 0.712159409762 483549.554473 0.998342751033 500645.635663 0.964348052499 485502.987004
0.089209 0.713587418027 475224.083526 0.998492276662 507282.004889 0.9642085776 484176.96459
0.089308 0.714163286294 485853.918463 0.998691713855 504933.276351 0.965810314854 489898.359882
0.089407 0.716974368166 472833.118015 0.998412524087 500919.480104 0.966062233729 473276.485596
0.089506 0.7196056561 480856.996111 0.998472337324 507998.396421 0.965707718902 486764.538628
0.089605 0.720970137417 475918.60725 0.998372652576 497351.445701 0.966202245454 454115.761893
0.089704 0.724149667253 477361.567781 0.998641847088 515517.12059 0.965894273213 468204.164192
0.089803 0.7243804736 483367.33024 0.998691713855 472299.619395 0.967277018465 457712.063887
0.089902 0.728730187648 468454.124086 0.998781486586 495773.582408 0.966856170476 497431.074499
0.090001 0.731914395292 486533.036377 0.998691713855 511033.0795 0.967679504548 487270.091174
0.0901 0.732879924953 484355.325213 0.998751560549 487726.781167 0.967342516638 482178.728883
0.090199 0.735645713025 491369.326203 0.998871275459 507856.924044 0.969133110433 471776.34428
0.090298 0.737169563743 479839.287226 0.998891230734 502681.492738 0.968204174896 486137.733677
0.090397 0.740674902972 489413.609706 0.999010979131 513708.180032 0.968635579922 474817.909096
0.090496 0.738939916795 484097.611196 0.998741585602 511810.070482 0.96950894372 487104.285487
0.090595 0.744091910233 498489.308928 0.998881252997 512337.096796 0.969668761151 489200.691876
0.090694 0.744962193169 497584.50553 0.998921165142 504136.407453 0.97086436054 480958.452972
0.090793 0.747473539437 490376.044633 0.999080845622 503129.517071 0.970619352209 465521.187226
0.090892 0.751235782863 473489.127134 0.999050901643 495960.5909 0.971147216207 485950.738779
0.090991 0.755498137697 490102.722479 0.998991019071 521107.29137 0.972034565549 486279.201883
0.09109 0.756469707171 492700.363801 0.999130756242 522132.89647 0.971156647567 496435.487002
0.091189 0.758736854884 503951.055169 0.999160705008 510725.057687 0.971892858531 492457.978556
0.091288 0.761777073557 483980.305252 0.999090827347 502975.060529 0.97252613664 470785.045072
0.091387 0.761231977833 442309.290353 0.999180671849 486142.80482 0.972516678661 488675.185046
0.091486 0.762561290864 471380.277638 0.999280518027 502363.59673 0.973141300117 485567.061629
0.091585 0.767866329829 488519.801438 0.999250562078 493283.875232 0.973169711066 456723.221179
0.091684 0.770060064685 496541.27363 0.999290503742 500613.368058 0.974070249946 487393.528385
0.091783 0.771801461792 487082.789944 0.999080845622 510566.52465 0.975162608365 480337.700799
0.091882 0.775235865512 480949.628937 0.999270532511 474623.943801 0.974108203939 443639.825265
0.091981 0.776614581715 473085.911769 0.999250562078 488221.832666 0.975923956005 478079.795013
0.09208 0.778058743435 493929.837371 0.999240577161 534136.134989 0.975657349139 472254.949648
0.092179 0.78243587938 489361.076563 0.999280518027 507171.592711 0.976514818612 485597.418671
0.092278 0.786219150726 490215.567015 0.999330448599 503659.3713 0.976696032661 479232.36972
0.092377 0.789565107539 483087.296094 0.999280518027 506993.807484 0.976696032661 478510.131952
0.092476 0.79050758492 477328.97236 0.999480270259 493191.649979 0.978282136568 477130.779416
0.092575 0.789565107539 501693.001447 0.999530220796 492936.035784 0.9774693319 471889.931832
0.092674 0.793865011193 475055.073626 0.999540211503 477662.198636 0.9777273705 470096.982698
0.092773 0.797798077307 489512.425408 0.999420336205 510652.306778 0.977383349297 471720.101535
0.092872 0.798333080528 493861.210802 0.999340435313 514633.47599 0.978827951411 480233.75636
0.092971 0.802761499558 501119.970943 0.999490259967 512865.209619 0.979662212469 486878.676863
0.09307 0.802838838132 504657.455792 0.999540211503 519172.8495 0.979518272913 486973.079098
0.093169 0.808924050121 498486.939139 0.999500249875 513737.12382 0.979383967484 496058.54817
0.093268 0.810018306414 493658.93159 0.999440313424 531699.896558 0.979854197695 484092.582633
0.093367 0.811793739447 458582.825929 0.999430324715 501535.227486 0.980248002745 477645.879834
0.093466 0.814683861927 474241.314121 0.999430324715 499422.97846 0.980805633748 458913.480181
0.093565 0.818390879852 503154.866657 0.999570184821 477075.966054 0.981431319436 387181.295533
0.093664 0.819873739444 389261.107151 0.999570184821 442916.957506 0.981749280869 389158.174745
0.093763 0.824069419608 457101.008296 0.999620144345 462385.046004 0.981421687456 449753.693525
0.093862 0.826186817363 431067.941209 0.999680102367 466489.901237 0.981652907165 463140.692254
0.093961 0.828363154407 462900.966901 0.999510239982 469328.988755 0.982936227098 404617.358505
0.09406 0.829758457313 418548.518272 0.999650122457 479448.753912 0.98321649444 454124.612116
0.094159 0.834355418721 445472.263024 0.999640129553 479749.276539 0.983496921655 473966.930942
0.094258 0.835484706452 490744.393821 0.999620144345 502174.735521 0.983796865623 439085.629101
0.094357 0.837927971712 470773.948356 0.999650122457 488648.996268 0.983796865623 477297.467685
0.094456 0.839905594611 489876.617036 0.999770052888 419486.191663 0.984067940051 407828.494975
0.094555 0.843220088875 464088.730343 0.999680102367 504599.778156 0.985134323065 467759.811482
0.094654 0.846991064244 459888.643526 0.999740067582 493444.626796 0.984494216096 489210.391876
0.094753 0.848536274926 502502.626746 0.99973007288 498161.899197 0.985474111595 485821.278449
0.094852 0.85173797133 490025.422461 0.99969009607 514994.284395 0.985542097431 489512.425408
0.094951 0.852398649801 486435.419767 0.999740067582 524810.186135 0.985309042181 485700.885987
0.09505 0.85714040817 503289.503683 0.999810036093 523477.917922 0.986280833605 491922.569446
0.095149 0.860215053763 514241.646631 0.999810036093 505732.668397 0.985765545523 477805.852185
0.095248 0.863274573111 486262.852744 0.999760057586 478217.156878 0.986397577408 469104.850868
0.095347 0.864042856526 486560.692133 0.999810036093 486992.3032 0.987176576274 468850.003465
0.095446 0.866656266791 500282.566404 0.999790044091 491026.480026 0.987654320988 490166.871375
0.095545 0.870094840338 513692.451081 0.999810036093 504294.003496 0.987439766174 476476.555622
0.095644 0.87528118408 495591.985084 0.999920006399 508675.477895 0.988288777981 506533.983866
0.095743 0.875580071798 500505.242156 0.999820032394 506124.458496 0.988171586114 482846.492652
0.095842 0.879074510355 494320.441155 0.999800039992 525215.662163 0.988464617909 478738.97833
0.095941 0.880723602512 500020.147182 0.999910008099 511878.154004 0.98864052042 462630.870707
0.09604 0.884110761396 517432.663993 0.999810036093 501190.030937 0.98909033362 498112.203696
0.096139 0.886917960089 508094.396467 0.999850022497 499295.751175 0.989217528935 481447.589837
0.096238 0.890234131577 471495.794616 0.999910008099 504843.935812 0.989834400705 485154.245659
0.096337 0.892315379948 494760.68247 0.999840025596 500984.098431 0.990128419656 480081.495768
0.096436 0.895239118369 504403.772773 0.999920006399 435350.741257 0.990324529348 466254.471561
0.096535 0.897714419089 489540.992293 0.999890012099 481516.679084 0.990589400693 480935.29057
0.096634 0.899774156687 484022.193706 0.999880014398 499515.764451 0.990824960862 471400.409551
0.096733 0.904879108151 495751.314934 0.999890012099 430242.832627 0.991050811175 448839.245012
0.096832 0.906240371196 513336.605199 0.999910008099 516798.300628 0.991139215414 486165.908029
0.096931 0.909380257355 495340.897147 0.999910008099 500568.558839 0.991316071216 507931.340992
0.09703 0.90999262906 497463.523172 0.9999300049 490684.111948 0.992181608922 482597.599844
0.097129 0.914887971968 509518.3372 0.9999800004 449537.258836 0.992171764776 487172.744463
0.097228 0.917582720082 511098.465232 0.999900009999 516603.522601 0.992792327701 497314.88398
0.097327 0.919997056009 517052.496625 0.9999400036 507518.939829 0.992388381117 484935.485363
0.097426 0.924060692306 496548.915521 0.9999500025 513373.675656 0.993038798026 498609.01259
0.097525 0.928194846662 470896.569687 0.9999500025 506246.635526 0.993374194125 493839.696229
0.097624 0.929445771486 509671.265203 0.9999400036 507341.524721 0.993522235028 478441.356968
0.097723 0.93208806368 503692.03278 0.9999600016 501222.971891 0.994213676403 463787.500318
0.097822 0.935891436593 503653.928132 0.9999800004 506021.875354 0.994006142958 492729.882829
0.097921 0.938711524561 501874.294029 0.9999600016 504136.407453 0.994035785288 488641.026328
0.09802 0.940733772342 505407.857715 0.9999500025 505379.84483 0.994777418553 489299.421609
0.098119 0.944402995646 522878.841522 0.9999700009 497229.987173 0.994955575234 487602.608264
0.098218 0.946279701354 495967.628456 0.9999800004 506557.230538 0.995460699212 478995.940136
0.098317 0.949307005886 507027.515794 0.9999700009 524697.263866 0.99560936271 472155.005111
0.098416 0.951818925968 500292.710856 1.0 499749.666679 0.995787817532 494828.975481
0.098515 0.954517252899 513715.730271 0.9999800004 491036.252567 0.99636327405 463785.448985
0.098614 0.957781012949 480171.081463 0.9999800004 457427.034007 0.996144919163 469058.68512
0.098713 0.961723408348 478336.049486 0.9999800004 483428.056389 0.996830080345 465393.086629
0.098812 0.964422455612 504871.889317 0.9999800004 519869.112543 0.996740658048 497564.436093
0.098911 0.967061872619 529627.305271 0.9999900001 505315.914009 0.996899642113 478775.592205
0.09901 0.969358575431 493668.809196 0.9999900001 486641.98439 0.997575890586 495142.664888
0.099109 0.973491817801 515405.628254 1.0 505770.478361 0.997436587969 489694.739374
0.099208 0.975895384015 494019.429551 1.0 512649.573067 0.997575890586 507423.770972
0.099307 0.978636368085 527695.5943 0.9999900001 529635.999505 0.998392587933 498715.727669
0.099406 0.98250164569 521958.759038 1.0 529456.153882 0.998412524087 504423.791106
0.099505 0.984862660902 517343.95082 1.0 507493.148613 0.998591985301 482078.418842
0.099604 0.988025135359 499091.372081 1.0 518454.095293 0.998911186806 497176.352052
0.099703 0.99067772263 511111.544386 1.0 518137.065363 0.999220607926 496314.475381
0.099802 0.993739441518 493651.9594 1.0 509024.888712 0.999420336205 475429.856509
0.099901 0.997018913449 496733.568063 1.0 513010.113908 0.99973007288 489023.876953
0.0999505 0.998611929418 513898.26189 1.0 518105.063696 0.999920006399 497064.992996
