# energy, two eff, two rate, three-lin eff, three-lin rate, three-inv eff, three-inv rate
0.001 0.347801892042 114842.588891 0.523966214658 120505.996563 0.524350853643 117354.078374
0.001999 0.39161167786 125453.337074 0.593422504955 128582.482412 0.589619164981 128278.142151
0.002998 0.448340021072 135255.974501 0.676855599626 139785.857189 0.670915800067 135316.890866
0.003997 0.498338042628 144736.230954 0.753641974843 147451.720444 0.749889391315 146602.828803
0.004996 0.535389227969 147731.444123 0.810931354661 151888.675191 0.805548618887 152451.569967
0.005995 0.56309476885 154850.790627 0.854240878843 156140.736861 0.848140452059 155886.094697
0.006994 0.582184005077 156354.818447 0.887594972662 160346.083886 0.87806334349 158606.301818
0.007993 0.595997282252 157354.947749 0.908488003416 161662.419835 0.898973372409 157502.138554
0.008992 0.605055846655 158895.615344 0.925154963456 163956.947416 0.912850192155 160725.688649
0.009991 0.612790156139 158782.828923 0.938834905882 165682.505962 0.924094849095 163118.582581
0.01099 0.618295359693 161648.089789 0.947696623357 167285.359604 0.933480200885 160905.424468
0.011989 0.621168168858 161033.735543 0.956480153037 165043.463411 0.939831958046 161897.670641
0.012988 0.625078134767 153980.213839 0.96145525868 154423.200828 0.942995897968 155111.867343
0.013987 0.627478540234 159679.354811 0.966884215615 165386.036421 0.946727635926 160499.724867
0.014986 0.628614533568 161215.710512 0.970440385847 163919.654707 0.947732549874 162452.364897
0.015985 0.628563167456 156590.589715 0.97415565059 164176.690479 0.951474785918 161654.569147
0.016984 0.627982918865 160146.068287 0.97630507581 165968.480937 0.953025379066 160483.758032
0.017983 0.629417725662 162034.893312 0.978942937416 164317.99849 0.953270671675 161129.437797
0.018982 0.630612450812 162388.77717 0.981219459544 166281.150183 0.954918306739 157432.26099
0.019981 0.630107811447 151628.843543 0.982414775518 166747.794946 0.953752539366 163580.188653
0.02098 0.626711706348 163082.684783 0.984174474451 168559.874003 0.954398824181 163532.801078
0.021979 0.630171343588 163771.484664 0.984581454424 166744.215262 0.954453479937 160498.189456
0.022978 0.629239501139 163246.890886 0.985853009316 145528.026514 0.954781545982 159698.749422
0.023977 0.628109140244 148944.079352 0.987332523721 155680.516552 0.954298638216 157648.656907
0.024976 0.62778185836 156012.789592 0.987644566473 164511.541252 0.952244917393 163522.663831
0.025975 0.627687286194 163720.535172 0.988660069008 165410.364649 0.952725748366 161912.107477
0.026974 0.626503608661 163761.573559 0.989276245499 167677.254674 0.951809866461 164160.754725
0.027973 0.62422362187 160155.546578 0.989560140518 163052.887662 0.950651671721 153487.00194
0.028972 0.622870561269 152896.994848 0.990157831158 167155.023653 0.950073630706 153925.004982
0.029971 0.620289675278 156106.333684 0.990216659405 165027.68361 0.949216896061 163263.984256
0.03097 0.618574556791 160185.51759 0.991001704523 168600.799208 0.947633758505 164233.77614
0.031969 0.61880805193 161552.704001 0.990775876589 166049.824797 0.947077319392 165956.660517
0.032968 0.619290911906 162611.142514 0.9910213466 165003.727461 0.945152783948 163316.239716
0.033967 0.620678525764 160594.547303 0.991542145499 168024.869404 0.945295735771 165669.024863
0.034966 0.617867492138 160528.28886 0.991443839664 164295.599398 0.942782528354 161113.902423
0.035965 0.616876507492 159878.266518 0.991955242979 165868.782547 0.941832429174 164756.846105
0.036964 0.615021279736 162166.768352 0.991758486973 164974.522055 0.94167278754 164151.310395
0.037963 0.613425428938 162636.805291 0.991837180009 169015.709988 0.941575255402 162863.518692
0.038962 0.611804149256 154699.153347 0.991955242979 160525.524158 0.939628846606 162588.386976
0.039961 0.612276136538 164192.307948 0.991610971184 166455.563078 0.938500089158 162762.019515
0.04096 0.612129967435 162952.165312 0.991847017516 170887.577243 0.937593759376 166506.841212
0.041959 0.607190348102 161968.504545 0.991994603549 168705.167056 0.935226231225 163798.794366
0.042958 0.607618318477 165537.143701 0.991679806424 168061.831373 0.93385504702 164521.091613
0.043957 0.606542163779 163685.39403 0.991109745582 165108.562624 0.931957763674 167770.884941
0.044956 0.603187241383 164894.617017 0.992014285006 169437.527571 0.931792769288 166029.645663
0.045955 0.606788752564 164957.976914 0.992388381117 168403.741392 0.929454410261 165880.656055
0.046954 0.603799103962 162376.45534 0.991070455199 170925.809557 0.92936802974 163524.576423
0.047953 0.598759370584 165913.399008 0.990550151554 170859.801648 0.927902013547 163424.862546
0.048952 0.599419761671 150194.856002 0.99087405 164624.732661 0.926389120486 159172.816741
0.049951 0.597728631201 153127.644583 0.99103116793 160525.216975 0.924274213674 161772.284793
0.05095 0.598752200414 156178.935171 0.990226464792 143535.648947 0.923130890729 157260.373408
0.051949 0.596776214887 153291.228204 0.989726637503 150439.970947 0.921497617929 154045.192864
0.052948 0.594484373978 155285.986511 0.990049997525 162723.879453 0.921531585495 152142.610482
0.053947 0.593179620721 150250.058301 0.990157831158 167322.263897 0.919455682236 158312.004532
0.054946 0.593549306141 157768.501097 0.989579725491 156705.668381 0.918282077889 161708.667134
0.055945 0.593338000926 160085.250477 0.989246886345 162606.666545 0.91664069518 163759.975106
0.056944 0.589136326146 155885.573267 0.989491599216 162651.878854 0.915927055569 164630.742033
0.057943 0.58874438485 160161.234091 0.989139251024 156038.385488 0.913767738516 150244.245622
0.058942 0.586926792621 152635.204647 0.988620972605 159032.617903 0.913834541118 150764.750349
0.059941 0.587519902237 153402.011783 0.987839693375 169182.669754 0.913625815411 162516.758084
0.06094 0.584641468619 163881.4825 0.987605550343 169903.015661 0.910564367795 161700.313238
0.061939 0.583662129666 160755.626997 0.986962228955 171308.585924 0.909066116379 163652.438963
0.062938 0.585192294188 161881.486948 0.987400766223 169288.647706 0.908001307522 166121.773406
0.063937 0.58207556505 164991.459931 0.986514348851 168621.269264 0.905149394908 163680.858728
0.064936 0.580251713193 163531.525883 0.986397577408 170535.794877 0.905428041106 163819.970449
0.065935 0.57899521171 163200.267701 0.986310016965 165854.549696 0.904625349412 160693.421932
0.066934 0.579915216395 164965.892214 0.985542097431 166840.456157 0.902681867829 161441.832036
0.067933 0.574897668215 161135.689929 0.985085800973 162439.215577 0.900665591872 161972.695252
0.068932 0.576365554089 158936.799728 0.984823864252 168020.090445 0.902527075812 159637.055644
0.069931 0.574940637379 155190.092234 0.983671060397 165276.680457 0.898512961049 160750.020408
0.07093 0.573466836413 157566.92822 0.983390533883 162235.516095 0.896941429725 158130.739081
0.071929 0.572347598143 160102.421479 0.982897582072 165211.448631 0.896531320322 160266.189189
0.072928 0.571912245785 159785.01825 0.982656119491 166765.894592 0.894678452564 162374.820952
0.073927 0.567814029549 158689.352731 0.982897582072 164791.089196 0.894782523108 159480.694881
0.074926 0.566707091773 160316.052765 0.981065437065 161269.267089 0.892657888864 159094.026327
0.075925 0.565812478428 158194.018406 0.980228785399 165385.449501 0.890535389876 162199.943153
0.076924 0.564385046054 163374.955741 0.980248002745 166242.463349 0.888612431688 165599.102339
0.077923 0.563221627711 156365.543767 0.980065468373 168477.203401 0.889663884984 161823.090103
0.078922 0.560029569561 160043.224565 0.97990220576 166736.128393 0.886179149977 161374.438126
0.079921 0.558126036021 164503.734011 0.978808789703 168642.015516 0.884940089556 161570.253505
0.08092 0.560161326462 158096.228167 0.978454433377 167549.654059 0.883407834061 160876.66441
0.081919 0.55795787418 160897.708851 0.977698692817 166194.640473 0.88575528353 163181.410028
0.082918 0.556569749321 161033.426412 0.97752666204 162795.880639 0.882674857889 156272.969791
0.083917 0.553801849698 157029.754495 0.975790634361 162546.674526 0.880467704445 161612.4626
0.084916 0.552211607488 162055.427903 0.975533616888 167241.135945 0.877608691836 158149.222621
0.085915 0.551277033248 158423.105585 0.975238689669 159276.479979 0.879012692943 153870.287284
0.086914 0.549973326294 161185.043081 0.974991468825 163357.584633 0.878279275244 155077.227964
0.087913 0.549308695007 156393.471475 0.972516678661 159644.711591 0.87567207832 160267.16901
0.088912 0.546367475837 158656.15794 0.973018205171 164619.628271 0.873766896467 159545.059464
0.089911 0.54647496325 158256.870695 0.971137785029 167567.057921 0.873927254295 165358.390502
0.09091 0.546875427246 161030.89158 0.971675654666 165945.367022 0.869996433015 158697.938817
0.091909 0.542361114878 159213.359287 0.97077011193 161725.689309 0.870928409685 156384.841389
0.092908 0.540724679215 158492.428322 0.969856849129 166162.642183 0.868417396137 157597.240858
0.093907 0.539645021505 159323.429711 0.967295731324 166062.184474 0.86871916047 158828.525717
0.094906 0.539915989072 155851.629895 0.968429207825 168965.121343 0.86525399531 162468.222411
0.095905 0.536500834259 161662.918317 0.966902913278 166459.13038 0.863945813319 161786.387245
0.096904 0.536391479958 158948.364095 0.965390741903 166246.614566 0.865104288322 161278.878805
0.097903 0.534593548525 159979.555835 0.9660062404 166081.516594 0.86108169082 155603.759298
0.098902 0.531629284267 160256.697797 0.964106321645 166980.605139 0.85972695072 161268.957053
0.099901 0.531002585983 158852.707553 0.962751157708 164149.126147 0.860067085233 160013.550952
0.1009 0.530118693575 159335.11094 0.962918026788 162174.731575 0.858221764504 162282.594229
0.101899 0.527930144283 159420.260109 0.960624021364 163880.970243 0.857522617159 157300.006451
0.102898 0.527200932091 158459.555318 0.960670163506 169027.425271 0.857206535343 157268.038956
0.103897 0.523549245042 157684.158289 0.959481112614 162303.945318 0.856501704438 160547.705892
0.104896 0.524111761592 155650.763409 0.958625714176 166913.423817 0.854854290086 160267.965123
0.105895 0.526229930906 159322.945552 0.956763841981 161202.203014 0.854941992186 160485.047543
0.106894 0.522329589971 159224.238596 0.957203434446 166351.452059 0.849920957351 160148.391893
0.107893 0.518626469658 161048.513404 0.953470633105 165661.630823 0.848932467422 161981.32754
0.108892 0.518338827725 161562.847399 0.95379802373 166340.368643 0.848298736883 162048.791155
0.109891 0.516129032258 159188.765443 0.951601545401 165592.825936 0.846338738617 161272.367517
0.11089 0.515323133371 158693.91585 0.951972963968 168108.781023 0.845894872185 161393.687786
0.111889 0.511127240015 163204.776409 0.950227104278 165930.792806 0.845758941786 155206.746009
0.112888 0.511318024472 157010.238617 0.94948727687 164784.873892 0.843518823123 159492.217237
0.113887 0.510798275545 159419.472396 0.947202909807 167120.656831 0.843298308344 157234.964512
0.114886 0.510446283185 157971.185342 0.947202909807 165863.075995 0.841779184484 159328.029368
0.115885 0.507913289043 160271.088412 0.94524212377 164800.34828 0.840915588893 157495.218973
0.116884 0.50615484289 161103.196518 0.942746976139 165906.245637 0.837913929481 161264.802682
0.117883 0.507189409885 161949.054999 0.943449629224 165812.717949 0.837401709974 162467.97068
0.118882 0.503844332255 160242.554648 0.940026320737 166983.663143 0.838293234974 157626.498875
0.119881 0.501849314725 157247.992178 0.940176565159 163607.753681 0.835903737326 156948.431172
0.12088 0.500851447461 155126.553603 0.937154424306 158176.777078 0.836414125362 154362.447229
0.121879 0.499475550672 156667.563126 0.93774322715 163732.103102 0.833395838021 160572.905879
0.122878 0.496753714476 159049.563821 0.935374945047 168800.288799 0.833937938339 157343.082846
0.123877 0.495889079531 157365.574555 0.933288535484 164366.615226 0.830902942227 157107.454609
0.124876 0.496307472405 157600.201702 0.933175315647 164490.444049 0.830896038288 162480.872886
0.125875 0.493568798555 159421.774965 0.930137381291 166782.340168 0.830757983584 164115.534597
0.126874 0.490431677963 159394.511967 0.929083087901 161396.047738 0.827609037491 154359.777214
0.127873 0.490047142535 160484.310677 0.927385699713 166132.827709 0.827075131505 156458.052399
0.128872 0.486840695987 154964.985772 0.926990248063 165563.738406 0.824545057265 143544.933255
0.129871 0.48338602241 145834.660377 0.92364247647 160057.332548 0.825375339436 152518.75892
0.13087 0.485691527597 155679.129745 0.921956391463 167135.507425 0.824320759694 155633.783219
0.131869 0.48250439079 160922.277948 0.921234454169 167324.199653 0.822016900667 160971.500438
0.132868 0.480970405891 160746.632 0.917700609353 158196.285712 0.822578124357 163829.440681
0.133867 0.478695650093 160671.446111 0.916531478274 168678.978187 0.820250340404 162460.041561
0.134866 0.478114317133 160020.205188 0.915675447994 168188.190308 0.820176337913 161232.629058
0.135865 0.475411706538 162369.792272 0.914268996224 167149.494702 0.818203388998 161536.775838
0.136864 0.474849591392 162527.085884 0.911136825417 167477.801017 0.814936149753 158808.259551
0.137863 0.473742805031 161705.799281 0.910092010302 162700.587449 0.815294932942 159785.748708
0.138862 0.47154241524 161755.003282 0.908364217717 167277.220161 0.817053541519 156040.997786
0.139861 0.470278404816 157868.678888 0.904240889773 155868.136344 0.812829704049 158547.18705
0.14086 0.470075023974 160426.05828 0.901518156576 166745.010734 0.811023430467 161938.550435
0.141859 0.46651147385 159145.15574 0.902152535951 162262.315896 0.812638148485 162591.853475
0.142858 0.464688333535 158790.403152 0.899693204617 168927.761028 0.810780132644 161114.149975
0.143857 0.461207811015 161250.79101 0.896788600023 167940.167343 0.80872124996 162020.434573
0.144856 0.46141636367 157774.732519 0.894518391298 164198.478632 0.808172237667 158632.695861
0.145855 0.458982985501 160076.574716 0.892833227681 165998.827723 0.808427043501 159055.836536
0.146854 0.456452179787 159282.831095 0.88941858707 166443.607128 0.805075194023 161508.349384
0.147853 0.454074867864 161485.652728 0.889481876807 167897.34426 0.805165944701 160488.363524
0.148852 0.455201358321 158821.910079 0.885472931092 165824.255634 0.802503811893 159737.30944
0.149851 0.452216539368 160732.402246 0.882534639485 166033.851983 0.803684087859 162195.489792
0.15085 0.450598620267 153797.390841 0.882114251438 163175.252069 0.801988932553 158949.62905
0.151849 0.448064808094 156896.707802 0.878047923856 167959.40114 0.802735723345 157345.97512
0.152848 0.446476408187 158551.682061 0.8751586225 166798.987985 0.802548895291 161279.126864
0.153847 0.445688410319 161029.531459 0.873690556279 170048.9798 0.799667338387 163582.868179
0.154846 0.440961825935 161081.479661 0.871923201004 169726.595695 0.799226348894 163692.612706
0.155845 0.441251742944 158060.004937 0.869398897602 165795.08675 0.797225654722 163930.097518
0.156844 0.43871771586 157966.12825 0.865733406055 165172.932662 0.796717523802 161273.979787
0.157843 0.434612542918 163294.685054 0.862277101369 167952.94455 0.796850845459 164878.800851
0.158842 0.434824200576 158920.841257 0.859571761348 165437.505917 0.79579818558 161906.607426
0.159841 0.432561499431 158517.047095 0.85841330884 165665.491346 0.794843058238 163344.479209
0.16084 0.431497598716 159805.960704 0.853402515831 167859.58127 0.793619300821 162420.973634
0.161839 0.427458205274 159333.59773 0.851977439637 168876.953027 0.79024521309 162779.769579
0.162838 0.427076660261 159577.959445 0.84712021483 166663.911653 0.792681960144 162257.043105
0.163837 0.42484673654 158799.481156 0.847098686997 170129.059945 0.790870194475 162621.167058
0.164836 0.424181753398 162027.8201 0.841665825001 168936.061892 0.788693292952 161494.792806
0.165835 0.421926686019 159361.748126 0.83979979173 167744.716964 0.78841969157 163586.313412
0.166834 0.419134319976 159369.862129 0.836547068321 168433.76784 0.78814627995 163969.061586
0.167833 0.416503536115 157861.964723 0.833166699993 170083.940925 0.786825395576 163699.576457
0.168832 0.414366930204 161053.460575 0.827698088845 167980.321214 0.785311533085 163294.367181
0.169831 0.412364332135 162140.752249 0.825463910718 167531.11623 0.785237534354 163933.365174
0.17083 0.411255233223 160897.153355 0.822050687645 166526.21089 0.783453462864 163527.190371
0.171829 0.408952794579 160452.877365 0.818310516108 167066.803954 0.783834203389 161683.545709
0.172828 0.40639007758 159435.228146 0.814040571782 167165.34978 0.783674492963 160679.755588
0.173827 0.405460745318 156401.460984 0.811003698177 167080.44695 0.784319877019 163479.897211
0.174826 0.402226727162 160815.35219 0.806705334742 167715.136853 0.781842490012 163125.751349
0.175825 0.399747359669 160162.212629 0.803322542034 162404.370738 0.782784992446 159304.670699
0.176824 0.397862681674 158911.267712 0.799226348894 169258.862142 0.779648066863 164125.488594
0.177823 0.396027056569 160162.457265 0.795102170629 166430.332091 0.778506979315 162688.092048
0.178822 0.393893081662 157395.573505 0.791947478043 167777.864447 0.778713098733 160957.786757
0.179821 0.390591433549 158291.929697 0.789789600051 162375.072394 0.776403543506 162915.264955
0.18082 0.389368677626 155814.459752 0.784590639834 164544.907814 0.775945683802 162305.515472
0.181819 0.385077477588 158533.164254 0.779939944624 166849.41599 0.776367377043 163709.032774
0.182818 0.383846215852 160101.443671 0.775043596202 166012.888221 0.775692887672 159412.565087
0.183817 0.380320686403 159771.201671 0.772899067111 162727.856804 0.776463828433 164512.121986
0.184816 0.377606428372 157692.635942 0.767047633658 166783.401284 0.774797390482 160407.590852
0.185815 0.375561464389 153880.222798 0.76432731553 163065.375768 0.771610892059 161936.487198
0.186814 0.375297892702 158832.495364 0.758339842417 163927.470674 0.773096250483 162160.498648
0.187813 0.372091638729 159497.008602 0.754859407435 166399.035162 0.773365299099 162980.849001
0.188812 0.368278005701 159166.232792 0.750052503675 167494.654856 0.771569217474 162172.097981
0.189811 0.365720304426 154973.173553 0.744014404119 164696.938759 0.770315135922 160889.129954
0.19081 0.362174495672 154038.347407 0.739530102573 165912.348933 0.772534841321 159131.026973
0.191809 0.360100828232 159489.6094 0.735450941745 166208.470708 0.770641636226 158652.55717
0.192808 0.359343838152 155269.373207 0.728061681386 161439.28433 0.770332937896 159899.721092
0.193807 0.354822570973 154414.673117 0.723740871818 160670.707532 0.769852573232 157585.753838
0.194806 0.354154049929 156144.108258 0.718772910887 164271.597956 0.767548067698 160922.030985
0.195805 0.349926865285 152694.828338 0.713984820683 162063.505434 0.768698593282 159170.038127
0.196804 0.346738233438 156863.965341 0.708923216526 165260.27 0.766383360284 159664.584021
0.197803 0.34480975122 156521.6937 0.699745992205 167603.282932 0.766154364781 159822.52374
0.198802 0.341545218879 157678.230403 0.695444145403 164466.64361 0.767218296622 156530.046814
0.199801 0.339519376371 153528.015002 0.689503006233 165714.908836 0.767088821215 159559.140452
0.2008 0.336058769958 153932.122836 0.686596267663 163288.709252 0.7653920338 156834.461894
0.201799 0.331728871359 153944.665419 0.679227853776 165643.312152 0.76301513059 160403.664771
0.202798 0.32764862961 157368.054349 0.671708961941 163405.634631 0.765943105746 158669.242112
0.203797 0.328302642508 156123.41715 0.669630899448 161304.122764 0.764648758593 159653.644456
0.204796 0.328163661781 155631.87751 0.670704306592 165290.944573 0.764134579382 162205.964988
0.205795 0.327303315255 156788.264086 0.671415814528 163708.202108 0.762846332235 159029.542696
0.206794 0.327936590181 152765.514647 0.671185985637 160646.95354 0.764082031847 154632.880442
0.207793 0.327948420272 151379.623845 0.672802626621 162770.16764 0.763912761163 154757.831142
0.208792 0.328329590376 153953.932423 0.673849906672 166303.566465 0.763428711027 160619.577472
0.209791 0.328632789008 154129.764622 0.678568762766 165630.099055 0.764041166538 159258.760021
0.21079 0.327229413998 154489.806217 0.679200173875 165594.721883 0.764122901527 160269.802337
0.211789 0.328999315681 152323.399013 0.677451697694 161966.690724 0.762264841296 161486.460992
0.212788 0.328338214628 153174.283193 0.678651654892 163642.031495 0.763411226726 156778.594134
0.213787 0.329059941559 155307.721389 0.680360046537 163014.864603 0.761777073557 161096.761283
0.214786 0.328589594882 156035.424989 0.681435648625 164299.332156 0.761266747868 160650.830007
0.215785 0.329353643475 154853.649172 0.68293882234 165515.782645 0.762945273936 159483.241785
0.216784 0.329639176957 154085.825536 0.683798088101 160598.175271 0.765990042129 161386.111565
0.217783 0.329348219873 155852.788128 0.685316410587 164592.819266 0.763195652838 160241.024154
0.218782 0.329951332179 155362.257857 0.684532977376 166757.208924 0.761260952642 162310.540172
0.219781 0.331726670493 155612.765258 0.687025522998 162384.564906 0.760415795357 159633.227947
0.22078 0.331179562247 154820.553689 0.689926384855 163311.724846 0.760375321259 159300.3144
0.221779 0.328274621417 154789.928681 0.69224272799 162755.135301 0.761777073557 161741.405267
0.222778 0.331837850753 155133.037095 0.69083196894 165368.821838 0.762462448724 160347.616388
0.223777 0.332353996889 155832.926813 0.694352828446 166358.643875 0.760155679883 159909.657973
0.224776 0.331437510772 153673.084758 0.694294978164 164358.242082 0.761318908878 155797.443829
0.225775 0.333018076221 150411.431875 0.696218835504 155242.822298 0.761481233295 158927.946898
0.226774 0.332830758887 154983.481082 0.696102521979 162015.177489 0.760456273764 155662.374447
0.227773 0.334238004198 152832.033954 0.695952341184 160002.563518 0.761736454421 149817.224803
0.228772 0.332940463586 142846.526721 0.698885277982 155678.609699 0.760196130602 158921.624051
0.229771 0.334723551819 153838.062148 0.700000700001 164716.148356 0.761446443664 157820.563424
0.23077 0.335024088232 154229.343076 0.701508242722 161653.011562 0.762032493066 158000.344306
0.231769 0.33597747607 156293.23464 0.703101380188 165113.76238 0.761782876644 160691.328737
0.232768 0.33656661663 156046.629038 0.704339435261 165982.799033 0.760190351664 162201.009487
0.233767 0.336190956463 153806.865728 0.705168887949 165817.962152 0.760126789148 159943.928348
0.234766 0.336394523497 154160.412241 0.706179779248 162291.573561 0.761127686781 157388.367989
0.235765 0.33666633 154430.592272 0.707013574661 165014.37378 0.759947715597 160560.796606
0.236764 0.336591539435 154693.447765 0.709290284142 163360.765878 0.761684236183 157026.756259
0.237763 0.338124558325 153991.859657 0.708747359916 162639.706262 0.760658730461 156259.288166
0.238762 0.33785610033 149924.114014 0.711455139196 163596.777603 0.761231977833 158738.179707
0.239761 0.33845414454 155081.815073 0.712524760235 162709.549978 0.762044107113 154496.691859
0.24076 0.339455987834 150597.859612 0.714418391987 161375.679901 0.761579821181 156941.031642
0.241759 0.340715502555 152083.858342 0.715512306812 158674.764521 0.760450490871 155200.658352
0.242758 0.341342362977 158053.274488 0.714535801816 162962.801793 0.761092929447 162052.986017
0.243757 0.34112927435 155749.367894 0.718292761764 165344.179924 0.76189895696 161393.936199
0.244756 0.342571340482 155551.245303 0.719098538073 167771.690239 0.763428711027 163180.838651
0.245755 0.341856967045 156932.928196 0.718902092724 166211.302897 0.761864129151 160309.128817
0.246754 0.344283855153 156913.201564 0.72084021135 166416.200796 0.75957251259 160177.809687
0.247753 0.342674644132 156073.687936 0.72180277461 166159.021753 0.75973986507 161066.386491
0.248752 0.343067296081 156404.960296 0.724637681159 167646.291165 0.760103678142 161172.593576
0.249751 0.345589073856 154921.313138 0.725484079252 159608.504226 0.762084759067 160835.085429
0.25075 0.34489180744 155645.449482 0.726913235636 166794.278504 0.763580275194 162263.634148
0.251749 0.347236690418 156127.078379 0.727902693968 166716.643586 0.761829304526 161884.04863
0.252748 0.345911840908 156148.468039 0.727812631916 165802.55825 0.762724145558 160696.561826
0.253747 0.345903465261 153101.094517 0.732327115876 166089.803166 0.761359483494 161292.647257
0.254746 0.347699101198 157095.862356 0.732654406916 162168.147752 0.763656079848 160607.522657
0.255745 0.347639872903 156634.97472 0.733266850472 166616.971215 0.763306337733 162264.638544
0.256744 0.348029457213 156136.551881 0.733186207301 165728.331919 0.76423385556 161664.538405
0.257743 0.350218536367 156400.52786 0.734608123297 165151.925609 0.764011979708 161595.775544
0.258742 0.349484161378 157680.720061 0.734829446086 163419.51393 0.765040700165 162758.798389
0.259741 0.349603898783 157945.189385 0.737120659281 166201.555302 0.762642709517 161169.744706
0.26074 0.352723732664 157744.88551 0.738934456514 167403.20334 0.764461704291 161714.964297
0.261739 0.352875583127 157194.362701 0.740691361317 167917.307721 0.762346196655 161703.679629
0.262738 0.353030056979 156678.389923 0.74024176296 166434.492695 0.762828874599 160847.976316
0.263737 0.354062513277 159317.862059 0.744047619048 168166.207056 0.76332381723 162024.878326
0.264736 0.353832000566 153235.056646 0.743057980814 159676.315331 0.763545293507 152707.225688
0.265735 0.35430462403 154562.107612 0.744174970419 159616.643377 0.766412728583 161034.477463
0.266734 0.354526954684 155605.722047 0.744296825574 162091.877096 0.765122649161 157880.860912
0.267733 0.356238266402 154510.123474 0.747613244716 164645.088758 0.76426890037 158160.016622
0.268732 0.35700005712 156469.550711 0.751055232602 166085.659776 0.763428711027 162321.28151
0.269731 0.357476075914 157992.309639 0.753431882224 167965.320118 0.765925506085 161144.790433
0.27073 0.360151407652 158368.671706 0.751184994329 165407.885843 0.766812361015 159965.461559
0.271729 0.358541167697 154628.7759 0.753647654648 162234.700315 0.764403268588 158647.276336
0.272728 0.359183790754 155539.420118 0.754711285198 165784.404984 0.767194752388 157947.925399
0.273727 0.360255204787 153633.682384 0.753551109604 163851.712837 0.765937239103 160696.315555
0.274726 0.36128211798 159032.557603 0.758265089475 165677.597541 0.765884443355 161818.095538
0.275725 0.361678041441 157983.859243 0.759197679892 157343.318946 0.767595200995 158290.495975
0.276724 0.362174495672 152583.009655 0.760045906773 163616.305832 0.767848641676 158759.449553
0.277723 0.362897372623 154714.902938 0.761661030375 166776.172697 0.769112444239 159167.501217
0.278722 0.366656278072 159479.421459 0.762729963084 167851.117166 0.766765323805 163038.500186
0.279721 0.365547846558 152659.648617 0.761562421464 164604.446196 0.76684764271 159503.377317
0.28072 0.366611919287 154373.412303 0.764742320075 165430.589267 0.76885225735 160886.537949
0.281719 0.365438306705 157603.399538 0.766031116184 168290.359676 0.772451296946 159874.427244
0.282718 0.367456575819 156302.029357 0.764467548353 156135.563793 0.769023724382 153090.085927
0.283717 0.369148080061 152626.317871 0.765884443355 161461.159934 0.769609653983 157978.920345
0.284716 0.370697133028 158031.062119 0.767288937995 162696.358992 0.769633346674 157624.307108
0.285715 0.3689846281 152378.129038 0.771241930881 155049.08053 0.769426085083 150616.949678
0.286714 0.371824617764 144972.908553 0.770962469547 150692.762817 0.769858500008 150186.896445
0.287713 0.372460286422 150995.149353 0.771581124039 147619.967726 0.768379641013 138269.762094
0.288712 0.372626832858 145468.922925 0.773490919217 147304.029425 0.770647575157 142799.789731
0.289711 0.373643208101 137014.847753 0.776042030436 149093.065151 0.771259775718 137335.844972
0.29071 0.374821022962 139345.046018 0.774287461963 151866.017101 0.768220264114 147893.133975
0.291709 0.374670758071 145523.734714 0.778543345401 149724.543229 0.772296191035 144954.621156
0.292708 0.374286516328 140428.721853 0.778895059469 149770.575536 0.768426876498 134193.766361
0.293707 0.375404968109 138262.879536 0.779544745868 149503.86422 0.771212191322 151326.645955
0.294706 0.37698435138 148973.757443 0.779417151854 156759.492157 0.773126135529 151657.133642
0.295705 0.377913238679 145001.526312 0.782834015704 155009.943348 0.773880002167 152680.598884
0.296704 0.378479647257 147186.533654 0.782466490873 156291.545702 0.773245698821 150386.354485
0.297703 0.379428883644 143686.655615 0.784067743453 154819.182161 0.772391633454 148399.233645
0.298702 0.379438961551 146659.165236 0.786355165174 155383.726272 0.772624373208 147296.011215
0.299701 0.382038096839 148874.453696 0.789583810374 156802.741942 0.771640662376 153214.00992
0.3007 0.380988665587 147749.814357 0.789334512073 157471.15303 0.772934911151 152784.657365
0.301699 0.383003822378 152207.483609 0.788767944471 157302.484179 0.774167576314 150216.695336
0.302698 0.384213438249 146286.326533 0.791045366452 157403.961083 0.772911014755 152194.007532
0.303697 0.385792050369 149422.321877 0.791220616044 154972.658213 0.775608658895 153939.015354
0.304696 0.386274880931 148775.862742 0.79368228898 155470.40846 0.775157744601 149929.580385
0.305695 0.3851798212 151440.12952 0.795241276203 155284.08931 0.776084189613 150486.390293
0.306694 0.387413703598 147606.512516 0.794590428364 156847.540581 0.778573653068 152450.905025
0.307693 0.386937006655 151031.632604 0.795734861144 160096.31038 0.77443737125 154644.625198
0.308692 0.388887160502 151002.216267 0.795804518578 156081.470557 0.777913480463 148578.229943
0.309691 0.388014992899 148636.516502 0.79818014926 157347.037615 0.777937687191 149767.634182
0.31069 0.390527368158 147869.462657 0.797073147403 152630.538961 0.776680931706 149323.90793
0.311689 0.390160160746 149149.740963 0.800589233676 159384.396737 0.776843838852 150810.882334
0.312688 0.391247021632 145146.291598 0.801352683329 153871.924298 0.777194018715 150393.795935
0.313687 0.393556689873 150584.991419 0.801931049968 156111.679129 0.778870793124 151878.280228
0.314686 0.391918637691 146484.504467 0.803070943287 153989.258981 0.778307026556 145442.036845
0.315685 0.394893240612 149059.949102 0.804634695848 153255.997159 0.777000777001 148113.682608
0.316684 0.396752973664 149228.118887 0.80578229374 157752.361036 0.778482737145 147589.735902
0.317683 0.396177677765 146759.026478 0.807278422255 157285.613572 0.780506080142 149509.1934
0.318682 0.398182694184 148419.030796 0.806256550834 155760.068152 0.779113524632 153612.694799
0.319681 0.398436535037 152659.870871 0.808989491227 158560.013488 0.781885281791 153338.022587
0.32068 0.400091220798 149813.371928 0.810622395876 158853.429512 0.781030335218 154300.71965
0.321679 0.400679552521 153053.774396 0.811062897928 160643.631003 0.780951042179 154320.021958
0.322678 0.400470953842 148528.824862 0.81158291131 158698.118954 0.780518264127 153417.778932
0.323677 0.401575783374 151947.93715 0.813802083333 157299.947458 0.781811927323 155906.549087
0.324676 0.401895338416 148985.134535 0.815388002381 158086.27704 0.780573096768 152579.512756
0.325675 0.40230116265 149180.031669 0.816299875922 158917.830584 0.782864658358 150604.889385
0.326674 0.403112024832 151289.58349 0.814929508598 156712.98718 0.781934192418 154100.318135
0.327673 0.405061650383 147975.834482 0.817608006018 158456.202918 0.781634710834 150408.303486
0.328672 0.405151911709 149641.692277 0.820364734161 155087.836064 0.78320802005 152233.3931
0.329671 0.406856343094 147637.8945 0.819510915885 156888.080774 0.780609656141 145378.215922
0.33067 0.40727391207 144419.324205 0.820061996687 148904.579815 0.784609107743 150772.717077
0.331669 0.408683711502 150139.962972 0.82379108658 154840.443578 0.785453402977 153287.026513
0.332668 0.409542336439 148422.969851 0.82232108349 154285.792059 0.783797341359 151342.262385
0.333667 0.409538981968 148633.672194 0.824497468793 157877.651806 0.782252260709 153436.355781
0.334666 0.411883667577 151721.812861 0.825341278619 155347.526935 0.784621420165 151216.167204
0.335665 0.41288532523 149581.281227 0.823519723297 153506.325913 0.785916378497 151101.440295
0.336664 0.413351245221 148691.580568 0.826664903115 148170.715336 0.786324248667 152941.931494
0.337663 0.416581614587 147789.536738 0.828225940036 157939.955536 0.785095742426 152698.775258
0.338662 0.417149865261 150794.77901 0.829593250429 155645.622756 0.785749644448 153903.429479
0.339661 0.416428955138 149794.110525 0.830716576119 150221.16081 0.786943041063 144176.767017
0.34066 0.41656773183 148200.190731 0.831960598346 155225.241629 0.789110278161 149692.054298
0.341659 0.417151605408 148005.650202 0.832029819949 157139.062487 0.788227040917 150394.712686
0.342658 0.418611465768 144168.887419 0.834640937469 157950.423581 0.787017361603 152670.095246
0.343657 0.418672807201 151477.758147 0.833778014941 156857.10172 0.788351320883 147577.999735
0.344656 0.421368436133 146622.405804 0.834954536725 155318.130985 0.788730616945 152140.568567
0.345655 0.420337615173 147170.936794 0.834849977459 157815.812871 0.786027573847 148966.244224
0.346654 0.423915623834 146630.812193 0.834766348899 154471.883662 0.790413860697 151383.940173
0.347653 0.42468615693 149217.660199 0.837703352489 151961.644965 0.788780387764 147100.172727
0.348652 0.424937003089 149779.56075 0.838005212392 159546.394623 0.789895654784 154082.542435
0.349651 0.424388774068 150560.234446 0.837072256077 155949.793309 0.788537814331 154275.747359
0.35065 0.426034091248 150536.674235 0.841276384531 155504.301269 0.791107946679 146823.706004
0.351649 0.428698813362 148832.825727 0.84216909071 156467.56611 0.7894342125 148525.93208
0.352648 0.427730632357 149431.69126 0.843390768245 157749.335143 0.789234836826 152594.167498
0.353647 0.429750787518 149753.731165 0.841425037443 161964.814401 0.791007823067 154055.660235
0.354646 0.430757832254 150911.049529 0.844216693541 156901.872735 0.794811470719 156409.626289
0.355645 0.429608626541 150822.270599 0.844908580892 154087.693569 0.793273044582 152138.692261
0.356644 0.432591439015 150632.311773 0.846560846561 158586.392126 0.793644494885 150884.882531
0.357643 0.431369165732 151313.161631 0.846009373784 160856.797586 0.792820220087 153614.101294
0.358642 0.433767968838 148946.723978 0.848147645542 153706.874311 0.79251234338 150256.194395
0.359641 0.433228636413 148483.39489 0.847665951802 157530.651275 0.794659885569 152985.164724
0.36064 0.434572880045 149399.808224 0.849776508778 156981.443923 0.795760189709 152204.887622
0.361639 0.43629446386 150236.76515 0.849264112646 159181.153164 0.794552547733 153883.553741
0.362638 0.437055296236 152518.315235 0.851071072945 158624.416784 0.794982073154 153350.973145
0.363637 0.436654527671 153983.096862 0.85247131434 156826.07626 0.794464173638 149916.504632
0.364636 0.438406130671 148241.046363 0.853519059081 154143.982242 0.796431984709 153878.811426
0.365635 0.44065869662 153706.648998 0.853664782913 160066.372737 0.796381243629 154171.34863
0.366634 0.442280219902 152634.038199 0.854291962821 157155.607246 0.795899525644 154131.916922
0.367633 0.442143334026 150793.586308 0.855614973262 154260.994805 0.795874188208 155462.225677
0.368632 0.443876282802 150082.102629 0.857066945499 159561.143553 0.798141925597 152137.754125
0.369631 0.444248974895 151653.679053 0.856729179339 160439.497387 0.797333716054 148230.254097
0.37063 0.446464448036 150195.017353 0.858008219719 154511.489532 0.79723201046 149155.363176
0.371629 0.445755957528 150714.097322 0.857537324312 157213.15832 0.798237491619 152412.348357
0.372628 0.44714120272 152994.316567 0.863013816851 159491.671404 0.800723854364 150575.63903
0.373627 0.447900243658 152917.787308 0.858207033865 154814.382004 0.798498822214 149564.692739
0.374626 0.44833399089 150021.496515 0.862143288215 154304.068822 0.799571429714 150763.178781
0.375625 0.451940633078 148691.580568 0.862730888354 155009.656912 0.799763270072 153831.009409
0.376624 0.449642309543 151758.648151 0.863878642328 159064.70362 0.801558229198 155048.163474
0.377623 0.450458566821 154182.966701 0.863483291598 159898.928633 0.802677732917 154791.071188
0.378622 0.451765046035 153055.952602 0.864872344842 157666.020361 0.801416905088 153964.330878
0.379621 0.45354970678 152823.903803 0.866288387404 161205.85849 0.802117590439 154896.597212
0.38062 0.453996531466 153944.665419 0.866115817007 159340.74033 0.801237110098 148100.555602
0.381619 0.456189811457 150958.901053 0.866956808212 153859.393565 0.80358721332 150904.696955
0.382618 0.456575138571 152137.312653 0.869792119683 158944.870515 0.803264466793 153780.361537
0.383617 0.458387575863 154260.257251 0.868855022851 161185.290852 0.803303182687 154143.302455
0.384616 0.457393770297 154952.505364 0.869187309865 159336.926828 0.805146496405 153575.12278
0.385615 0.458223741488 150387.918207 0.872295882763 155980.472987 0.803141891078 150218.739737
0.386614 0.460070482798 148837.420565 0.86992075022 159173.843644 0.804084750533 150210.831443
0.387613 0.461290783871 150858.941647 0.87191559857 157179.57683 0.802175499956 152075.311344
0.388612 0.463237474059 149229.446237 0.872798366121 154444.183006 0.805697895517 150767.730999
0.389611 0.46082524585 152328.045941 0.873377700921 154968.363843 0.80678994417 148250.949388
0.39061 0.46527425591 154246.018174 0.874492794179 157277.94631 0.805152979066 152371.873769
0.391609 0.465341374432 152542.499865 0.87448514687 161836.889191 0.809460979933 155811.797152
0.392608 0.466380930617 152182.466396 0.875426770551 157106.277653 0.806328062636 150047.418559
0.393607 0.467206757679 154064.43129 0.875833136271 157189.473041 0.807109016215 154484.514363
0.394606 0.469452712028 152826.910744 0.876132401128 156440.428826 0.806009607635 152158.340586
0.395605 0.470605952224 153161.642107 0.878541620909 158504.946402 0.809670706923 149454.693816
0.396604 0.47071892902 151070.636432 0.878148161158 157101.511159 0.80781316897 150489.521931
0.397603 0.470989407448 152755.500019 0.879646733872 158856.497911 0.806933169795 152557.369453
0.398602 0.473742805031 151203.30215 0.881197018029 153250.845486 0.808518551458 148062.181609
0.399601 0.471551309498 150047.633272 0.881220313891 158324.314836 0.806874571348 148523.354968
0.4006 0.472717130796 149828.19588 0.881678716276 154174.918875 0.811148423939 150707.490561
0.401599 0.474973638963 151237.650181 0.882448972388 158934.270247 0.810793280145 153756.290116
0.402598 0.475696657755 153566.463574 0.883267382702 160786.43941 0.809651040402 152760.618443
0.403597 0.477096960415 152611.823539 0.884681735746 152176.44803 0.812136568885 147139.959461
0.404596 0.478429984164 150277.405456 0.884509583661 158631.195964 0.811095790413 151544.31031
0.405595 0.47753895524 151419.73693 0.886029965533 159953.138729 0.815447843956 154765.254656
0.406594 0.481306072157 154233.142866 0.887279954571 157953.695129 0.813768970989 154838.099963
0.407593 0.479423158056 151556.959642 0.888288800455 158070.012327 0.81447816384 152436.222385
0.408592 0.481137023013 153540.266988 0.885833746722 154997.169308 0.814345510513 144106.129186
0.409591 0.482944804238 150314.943247 0.888280909955 155772.216173 0.811899194596 147672.773248
0.41059 0.483935752689 150973.952582 0.887563460787 157038.397111 0.812611734113 153396.850289
0.411589 0.48609997132 153208.133542 0.889568914904 157923.483071 0.814425097324 156213.137638
0.412588 0.485366208805 156205.34188 0.890368879827 158217.589624 0.812724007054 152236.432104
0.413587 0.486234695763 155722.536957 0.891567554074 158512.494142 0.81778853624 155241.443278
0.414586 0.488476831544 154252.42827 0.892227803603 159291.723507 0.814756876548 149473.921293
0.415585 0.489399604565 152864.563212 0.893056485823 158817.640279 0.816173289913 152511.327527
0.416584 0.488150154988 153031.549068 0.893479387431 155203.127816 0.816759913423 152168.33227
0.417583 0.489819109803 155476.459664 0.89192539936 158212.815139 0.817955764952 146954.883846
0.418582 0.49095175908 148441.932762 0.894814549685 154277.393011 0.817481014003 154387.220285
0.419581 0.493454328335 152601.829052 0.893519304485 158665.940856 0.816880008496 152594.445077
0.42058 0.49536585245 155689.993727 0.896852943023 158106.53814 0.818163223563 150925.657049
0.421579 0.495154909213 154015.835235 0.895615959876 158255.139052 0.817661488144 154548.26833
0.422578 0.497663470008 152630.9833 0.896563472211 156580.242678 0.818994111432 154498.114589
0.423577 0.496159723738 151593.93408 0.897537158038 152715.34343 0.819296060825 146114.893581
0.424576 0.494427798709 144726.991663 0.897609665461 146766.575478 0.820344544709 150396.06087
0.425575 0.499283528137 155734.6213 0.899903710303 160449.255958 0.819396760105 155854.757164
0.426574 0.498939753025 156065.673808 0.900187238946 160504.085593 0.819128283681 154246.018174
0.427573 0.502351002693 155032.747093 0.899855123325 162327.877773 0.81832390897 154259.576438
0.428572 0.500984434414 157537.159774 0.899822734921 161552.952904 0.820176337913 152169.436404
0.429571 0.50201307242 154504.60257 0.901664472616 158308.479118 0.819880461429 155542.765598
0.43057 0.502987747218 157263.321608 0.902014197703 163472.697283 0.81980652566 157590.549761
0.431569 0.503943356767 156159.281347 0.902429339783 160204.545828 0.821321506304 155015.901468
0.432568 0.504034798562 155073.38647 0.90234790926 159909.657973 0.822659328545 151424.110213
0.433567 0.505009696186 148595.705846 0.903815910775 158537.418772 0.822016900667 148266.566368
0.434566 0.505949971667 145835.116734 0.9055510278 157643.916698 0.823113013417 155314.967701
0.435565 0.510060952284 151770.39968 0.906906089874 155148.702989 0.824633450431 153479.475895
0.436564 0.507616789933 154955.424912 0.904879108151 161682.548494 0.824150918516 154228.37898
0.437563 0.507933927955 154753.206081 0.905305087815 160014.344548 0.824449885814 153447.863337
0.438562 0.512066855449 155189.173509 0.907194048807 161211.558884 0.824545057265 155437.797702
0.439561 0.511213467408 154671.656316 0.906363578686 153171.486313 0.824198466991 151503.419777
0.44056 0.513953846945 154166.135235 0.909107438317 155156.393634 0.826002560608 155437.567286
0.441559 0.514329211842 156077.811467 0.907301051562 157883.594697 0.826726411429 153233.657083
0.442558 0.516294246417 150640.26451 0.908851302838 157191.417086 0.827465225774 152643.759146
0.443557 0.515408125925 152306.915772 0.910738517864 156645.797013 0.826637569024 151822.479754
0.444556 0.515166501813 148505.685755 0.910531203904 156071.248766 0.827335153471 152498.518392
0.445555 0.517544767622 149794.324514 0.912958533423 153933.987144 0.827677536832 146446.809863
0.446554 0.518024668335 147608.902065 0.912558631892 155598.390857 0.825579763389 154570.252874
0.447553 0.519872111461 151401.153294 0.911834702605 156977.50751 0.828376878345 152023.278101
0.448552 0.522367788713 152672.206973 0.912100841869 155110.20384 0.829531314807 152338.945204
0.449551 0.521292179053 150743.83492 0.914227203745 155096.954455 0.831483283029 149912.914558
0.45055 0.521705559816 150225.034688 0.916145227341 160515.203446 0.828123059087 154352.90377
0.451549 0.522602560753 155589.213411 0.914369313766 157127.936476 0.832383029375 154630.4861
0.452548 0.524015636627 156924.532029 0.914427842499 159454.563495 0.828376878345 153802.635724
0.453547 0.525756826952 156263.654382 0.915264786103 161493.487017 0.831068671204 153349.795731
0.454546 0.528546813391 152899.781713 0.913926410645 158207.80224 0.831165376975 154335.296912
0.455545 0.526567987826 153061.761455 0.91733020218 157248.817533 0.82915302019 153648.765477
0.456544 0.52892701865 154179.396083 0.917515368382 158913.013745 0.831379591294 154503.635029
0.457543 0.52890743591 151477.265792 0.918315808807 158546.407941 0.833944892921 152676.875207
0.458542 0.530487093249 150264.753468 0.918096602124 158168.784104 0.833910121167 148181.970098
0.459541 0.531002585983 143056.807581 0.918788301987 158803.749981 0.831995207708 154016.966343
0.46054 0.5328700916 153832.419905 0.920200235571 160007.141432 0.834320612725 154150.667129
0.461539 0.533395918454 155231.790825 0.918805185736 162133.983162 0.832805889603 152920.853699
0.462538 0.53460212237 148665.281729 0.91981934748 157784.703818 0.833083408311 153226.88356
0.463537 0.535208704634 156140.44623 0.919861652807 160456.498935 0.833458352086 152165.516801
0.464536 0.536866631591 154280.514172 0.921064750852 161066.139086 0.833548666739 151891.700448
0.465535 0.537680660702 154057.584123 0.921947891505 154723.749223 0.836652053144 153721.29571
0.466534 0.538764075211 153413.289734 0.922322037963 158519.563313 0.834905739142 151556.904879
0.467533 0.539612989564 151473.381765 0.922160437473 159321.432573 0.836764066004 154118.60761
0.468532 0.54117532457 154828.726214 0.9233269316 154596.517223 0.83516373385 153461.506236
0.469531 0.540835807657 152691.326312 0.923966774155 160872.098308 0.837422747752 154499.594256
0.47053 0.540257270512 153892.756924 0.924958145644 152687.379777 0.836946150885 150028.955564
0.471529 0.541873255845 153452.635268 0.923668070642 157688.426644 0.839095119823 152797.959927
0.472528 0.544505126516 154436.562802 0.926217512921 160748.665028 0.839390937935 155265.809571
0.473527 0.544896769307 157706.806921 0.925917352617 154945.750753 0.839214830604 154437.529503
0.474526 0.545929007392 152359.364772 0.926474948117 161690.401899 0.838490047123 154983.767421
0.475525 0.546060175831 156316.941866 0.928401663696 157264.382986 0.835694169362 150230.684453
0.476524 0.548332794139 154876.921651 0.925197761021 157913.73204 0.83919370269 153296.158481
0.477523 0.550248712418 156497.690763 0.927540533521 160449.010445 0.83920074521 153843.084092
0.478522 0.549245336907 154452.315844 0.928005345311 154156.332742 0.839623512817 149389.963959
0.479521 0.551204105368 151864.862379 0.928625819512 158081.808379 0.841786270466 154819.410747
0.48052 0.552388527995 154625.013594 0.928203462199 156646.499051 0.841538332071 153359.888436
0.481519 0.552675502106 154372.16232 0.928919109724 161854.937703 0.841800442787 152833.871711
0.482518 0.553100404316 154368.867006 0.930448941614 155690.456058 0.841772098622 148930.117282
0.483517 0.552816044933 151887.960148 0.931341504303 158774.774584 0.843092124676 150268.145068
0.484516 0.556018904643 147690.868866 0.931436927748 159894.844547 0.844181059954 156142.364414
0.485515 0.558138496487 155176.829198 0.932383545295 158468.056682 0.841821702163 151151.42805
0.486514 0.558344174516 155636.208733 0.93201856581 158572.602198 0.842715566642 151430.725284
0.487513 0.559459338495 154992.64448 0.931098696462 153845.454112 0.842325154356 151146.68923
0.488512 0.561952447584 151877.12532 0.932479182402 158404.318679 0.842715566642 156620.9957
0.489511 0.561460245807 154301.003472 0.93370681606 158189.06636 0.844651665653 154833.298633
0.49051 0.562002978616 153584.120392 0.934265107067 157722.46318 0.844608861636 156274.949458
0.491509 0.560133087622 155396.56411 0.934771635289 156460.970592 0.845415733187 152974.674934
0.492508 0.56339297787 152130.139098 0.934422246725 155406.409809 0.843312531624 153807.091335
0.493507 0.566225765537 152141.948233 0.935147519521 157473.57703 0.843085016693 152744.763572
0.494506 0.563755059702 153375.366498 0.935471196842 160385.447815 0.846503517222 155617.095417
0.495505 0.567147418629 154490.71668 0.934719210349 159843.476027 0.8480757162 155212.719267
0.496504 0.568721457292 154161.828784 0.935926473616 159742.845608 0.847299655996 149750.630075
0.497503 0.568850864369 153712.282019 0.93679447666 160899.251915 0.847113038764 151396.999929
0.498502 0.56791076986 151526.626689 0.938658656779 158542.932008 0.847306835224 154592.699507
0.499501 0.569995440036 153684.909412 0.93675059952 156631.816062 0.84729247689 152868.741774
0.5005 0.570398594538 151002.161903 0.93753222767 153604.425127 0.845794708708 155051.487854
0.501499 0.57086423136 157724.716989 0.937321323123 158898.143595 0.847256583184 154167.268552
0.502498 0.574415532196 155381.53887 0.940424131283 156428.176364 0.847802495931 154786.501263
0.503497 0.572924723421 154882.926743 0.940574502906 159730.861201 0.848673099609 150955.695519
0.504496 0.57642867848 151019.288309 0.939708314539 159224.480375 0.850202773361 151869.316402
0.505495 0.577770844528 152507.556649 0.94083113022 157768.026342 0.848903640948 149630.695115
0.506494 0.577317206939 153763.110526 0.940026320737 156751.114538 0.850087133931 153515.259277
0.507493 0.580164186465 148019.230518 0.940459508516 157237.617029 0.850817635748 147281.684072
0.508492 0.581358168954 153105.341909 0.940335699845 154194.359778 0.850383522969 154630.999167
0.509491 0.579532085794 152235.271742 0.942746976139 161588.491603 0.852209779959 156407.584882
0.51049 0.580362842849 157292.809682 0.942418245217 161045.112401 0.851854060362 155847.518306
0.511489 0.584638050583 156325.273139 0.941779209282 154727.173863 0.854146024804 150607.863717
0.512488 0.582302657629 152998.781278 0.94216962822 159140.687397 0.854613202065 152042.455703
0.513487 0.584334005317 155692.189822 0.943253848476 158148.507049 0.850231688135 154012.724774
0.514486 0.584778222859 153614.326336 0.943556452983 160337.625004 0.854014723214 151240.376884
0.515485 0.585898592672 150250.542711 0.943209364183 156973.512546 0.851679938679 152064.89082
0.516484 0.586472426999 156093.901131 0.943921616749 159032.014912 0.852369587453 155555.110509
0.517483 0.587381862823 153526.104318 0.944822373394 157369.058098 0.853140409849 148287.638784
0.518482 0.588539950092 157003.656041 0.945277864428 156747.716877 0.854795832016 154553.33675
0.519481 0.588498387514 156146.549705 0.945206385814 157139.297975 0.855373456051 154246.982491
0.52048 0.59046516846 154897.283659 0.94513491801 160307.535781 0.85629634704 155749.888413
0.521479 0.592557478075 153986.60186 0.946136451799 159903.317734 0.853781397811 152454.617688
0.522478 0.591645959058 155061.805803 0.946826238449 155874.681974 0.856780561363 152725.630849
0.523477 0.593630346383 155451.623914 0.947014536673 158916.806981 0.855578370979 151573.938255
0.524476 0.594032351002 152168.277064 0.946638015089 159043.954986 0.85663377193 154387.220285
0.525475 0.593919452644 155396.794405 0.94767866112 160865.311338 0.856787902155 152848.853862
0.526474 0.594675277565 156581.061038 0.946539451764 160215.377422 0.855937208446 156595.26679
0.527473 0.597121872574 156789.729335 0.949234916657 159097.888559 0.858826156409 152976.795095
0.528472 0.598917157779 153782.786009 0.949460231858 158724.843898 0.859867408446 155185.958058
0.529471 0.597939500481 152165.516801 0.949415160261 156405.660177 0.859460946095 154820.782279
0.53047 0.598823909841 155496.057271 0.947885267967 157970.64987 0.858103933548 151652.801722
0.531469 0.599527572273 150204.268729 0.948712597006 158950.171179 0.85948310686 145127.106768
0.532468 0.601597843873 154506.253108 0.949442202706 158492.428322 0.860192855238 151507.141162
0.533467 0.60358772544 152424.644486 0.951103755909 156724.815804 0.859475719811 149556.639848
0.534466 0.605169356644 152697.885794 0.94948727687 159732.929447 0.859978328546 154936.192267
0.535465 0.604054413222 155289.89604 0.95033546842 157626.498875 0.86061482323 153965.74382
0.536464 0.604277073124 157463.231209 0.951420470763 159026.467609 0.861066861842 154201.2758
0.537463 0.609481087802 152919.45987 0.952108921261 158714.272957 0.861074276267 155231.331214
0.538462 0.60607897209 155605.491133 0.951818925968 157754.615699 0.861905500681 155353.798744
0.539461 0.608231809307 157279.420726 0.952943642913 160420.904151 0.863043609594 152958.775602
0.54046 0.611976377712 155325.090665 0.95370705934 158031.538458 0.864274355251 154584.779773
0.541459 0.609897415255 154741.045205 0.953561552398 157365.04318 0.862217623728 147244.405188
0.542458 0.611217055401 154475.240268 0.95353427479 157332.163993 0.864207133166 151372.521563
0.543457 0.612163692571 152145.645863 0.95341608985 157941.680289 0.863662273505 151889.335237
0.544456 0.612606210602 157208.738883 0.953679773406 153334.939444 0.862336587217 145939.190148
0.545455 0.613809485812 146950.095595 0.955438355117 151320.258344 0.863349103844 152992.419144
0.546454 0.616473402255 152210.245395 0.956333798749 155037.560801 0.864692861096 155154.212627
0.547453 0.617966765747 153481.834725 0.954690393905 161088.965438 0.86403539089 153369.085169
0.548452 0.614718827608 148705.076169 0.955027743556 157479.075649 0.865156679875 152602.828442
0.549451 0.618616649449 153907.269702 0.956544197125 155709.413983 0.864692861096 153397.747916
0.55045 0.617203942699 152865.008915 0.956827924066 147774.228337 0.865606010768 153166.34032
0.551449 0.619429010338 154420.130743 0.956224062422 152834.150163 0.867385440068 153599.193754
0.552448 0.620616893192 152800.075192 0.957771839592 157028.990228 0.866303396776 152944.998853
0.553447 0.621855741905 149013.770162 0.957313395686 157514.027459 0.867987744013 150020.208697
0.554446 0.623803077844 152180.589057 0.956507599453 150182.648108 0.867581097143 148666.177529
0.555445 0.624878929707 153810.419112 0.958175633594 160675.569966 0.869323318729 154636.700143
0.556444 0.624757906311 149393.316184 0.959343041885 159158.622668 0.869081554613 151362.852604
0.557443 0.624293767675 153976.426501 0.957725975444 156944.26151 0.86959546419 152912.714095
0.558442 0.625390869293 154902.832662 0.957845231368 157971.363834 0.869860213464 154932.128836
0.559441 0.629857778114 152023.774012 0.958451142953 156502.362291 0.868892769943 153978.857159
0.56044 0.628634292001 157097.333359 0.959757373336 161202.946487 0.869512290556 155786.796299
0.561439 0.629596051174 156399.769706 0.960218161566 161084.511007 0.870056988733 156014.530543
0.562438 0.629144489323 157053.920934 0.959536352035 158667.44141 0.869898047949 155215.64863
0.563437 0.631512472371 158069.476185 0.96133510219 159438.561492 0.870769150391 154574.297344
0.564436 0.631153749053 153997.79631 0.959932420758 153947.999151 0.870246279697 149419.234497
0.565435 0.63398274299 154567.86047 0.959444289867 154102.922563 0.869966158316 153298.511679
0.566434 0.634598299277 153294.981909 0.96040260077 154658.253631 0.87255466555 153999.888382
0.567433 0.634425179067 155332.338597 0.962084259339 159351.87922 0.871885190158 154838.328606
0.568432 0.636683135537 155474.615438 0.960734769952 160298.529595 0.872897408368 152057.724092
0.569431 0.636869658256 153462.741515 0.961852913452 155354.776961 0.873858522305 147287.786991
0.57043 0.638031799505 152486.931028 0.962075003367 155433.477515 0.870753985876 155939.124945
0.571429 0.639075640993 157753.547693 0.962223120297 155504.070656 0.874684020398 150454.001682
0.572428 0.640057349138 154892.764661 0.96138131267 158483.385389 0.873408213531 152873.199159
0.573427 0.639096062529 152741.481747 0.961057932572 156089.776749 0.875066723838 151530.732425
0.574426 0.643227458094 152923.474167 0.962945843926 155280.467511 0.874630468627 151594.865521
0.575425 0.642153526065 153816.567418 0.963047853848 147875.405843 0.87263842227 153658.672403
0.576424 0.64273135115 156117.315483 0.964050554811 158524.595988 0.875120329045 154650.555267
0.577423 0.646809611591 154920.340372 0.9643945531 157864.163104 0.875296506692 152600.218951
0.578422 0.645386134524 155421.900597 0.963651081217 158545.688769 0.876962202929 156996.956486
0.579421 0.644612330145 155884.182805 0.964878425318 160723.163495 0.875986579886 153302.714
0.58042 0.646679945162 155435.43597 0.964785335263 158532.1456 0.877077577512 154547.584973
0.581419 0.647613866708 157668.746711 0.965334826385 160389.066342 0.876301307442 156353.069893
0.582418 0.647869804084 157906.776247 0.964645733854 156044.713206 0.87879640045 150699.801453
0.583417 0.649477170877 152210.024448 0.964813260393 162013.1123 0.878966335589 156402.977333
0.584416 0.649047198712 153791.526019 0.964962221729 154991.441722 0.876808417361 153483.688143
0.585415 0.652294445713 152733.528078 0.966809432193 158659.878907 0.877600989934 153617.364463
0.586414 0.65306975438 156916.371581 0.964906355838 157195.599892 0.879314134975 155404.509665
0.587413 0.651780011211 158885.743898 0.966024904122 163123.594308 0.876577840112 156396.912112
0.588412 0.654655912852 154149.93063 0.966248925048 158027.311048 0.878394996662 153623.497344
0.589411 0.655905444671 153449.996634 0.966865518675 159546.880141 0.87884273988 149648.846639
0.59041 0.656409179226 154542.7447 0.967089929693 156666.158678 0.879855703665 153550.834492
0.591409 0.657635144022 152082.920883 0.967492260062 159385.426373 0.88004928276 154338.590793
0.592408 0.659669769313 152422.041086 0.967492260062 156998.190572 0.881562128091 150757.922394
0.593407 0.659726345512 154810.724941 0.967248950535 159414.079796 0.879275477007 154544.680773
0.594406 0.659347904922 154032.916733 0.967960507211 161033.982849 0.880483209185 155416.371932
0.595405 0.663477551237 155938.893041 0.968391695073 159747.469515 0.881849768074 156310.359041
0.596404 0.661905360772 155787.548522 0.968401072988 160416.302531 0.881834215168 155461.534213
0.597403 0.662177105889 158366.220072 0.967557787389 158460.034244 0.883165973381 153674.267142
0.598402 0.663724156241 154093.637614 0.969612348983 158523.337789 0.883345405721 152131.960013
0.599401 0.664425338525 151870.636163 0.968607433093 156703.911971 0.883267382702 153527.059654
0.6004 0.666187012018 158011.832322 0.969659358667 160140.687562 0.883478076492 157587.766906
0.601399 0.665614994975 156908.798975 0.968907750293 158714.573248 0.882581374003 150946.622967
0.602398 0.666342380042 152204.942855 0.970459221304 153379.909566 0.883993529167 148061.50214
0.603397 0.667253850055 153478.521151 0.969180073658 155961.217034 0.885559186348 154174.918875
0.604396 0.668578802041 151916.347028 0.97013911795 154297.427385 0.88396227249 152782.097305
0.605395 0.672273427048 156631.5236 0.96976279602 161981.890548 0.883735727668 156470.776519
0.606394 0.669603996197 153365.047443 0.969894475481 156933.397938 0.883899765767 150404.204414
0.607393 0.67205656028 153984.962406 0.970543989906 160265.882998 0.887185492743 151462.824783
0.608392 0.672151422272 149515.269129 0.970779535967 157145.479791 0.886257688285 150039.796656
0.609391 0.674472562456 156742.034913 0.971581248482 156716.968894 0.88656412075 148429.377827
0.61039 0.675534178652 158335.790242 0.972289742343 160921.228361 0.887004497113 153515.540217
0.611389 0.675922295973 151383.503065 0.971694538105 154545.421049 0.888565056291 153809.00902
0.612388 0.677580225499 154917.708241 0.972497763255 159843.232364 0.885959316748 156024.977067
0.613387 0.677428751431 154109.094276 0.972696411723 159028.035285 0.885896527286 154332.627836
0.614386 0.678697714825 157428.006492 0.971864522086 161765.484046 0.888107354417 155947.647923
0.615385 0.679343210984 156769.042563 0.972942469912 158806.756333 0.887791972585 152808.481167
0.616384 0.679754200881 154855.535869 0.972970869252 158725.865029 0.887626486774 153629.405628
0.617383 0.683256125391 159826.604133 0.971892858531 157315.346024 0.890099424106 156268.603055
0.618382 0.682617154169 157779.243189 0.973065545695 160857.044349 0.891408603876 154448.050262
0.619381 0.68324678874 156145.328972 0.973340211604 158496.141613 0.889015326624 150484.068645
0.62038 0.683587741905 156337.451213 0.974051274059 157512.785251 0.892004959548 144622.943867
0.621379 0.685574820208 154533.23587 0.972933003833 150341.344027 0.890297537437 156393.238217
0.622378 0.687715340866 157196.130122 0.973965891714 160177.565004 0.889790543306 154968.134816
0.623377 0.686879232893 155166.036713 0.973994350833 158464.823661 0.890860660484 152613.711534
0.624376 0.686549129456 153625.410453 0.974449923018 155957.099661 0.893128271082 152859.604948
0.625375 0.687072726648 152796.067371 0.974991468825 161248.435304 0.891750416893 155121.734368
0.626374 0.690894016858 157304.195037 0.974279033515 161726.749416 0.893224002715 155202.151507
0.627373 0.690121599426 154337.454956 0.974563882663 158170.991039 0.89304053511 156109.471183
0.628372 0.692420077413 156097.270505 0.974801384218 159041.422093 0.892618048737 147281.063465
0.629371 0.693697755888 146705.435508 0.976085895559 157293.045631 0.894446382412 154720.210587
0.63037 0.695057446498 154365.571833 0.975714466918 159381.126219 0.894790529537 155085.886358
0.631369 0.693240901213 157205.557042 0.975904907826 159213.601034 0.893527288323 154212.274687
0.632368 0.697379248783 156187.3099 0.976238358358 159977.969342 0.894694461841 156454.142191
0.633367 0.696330339113 154842.615772 0.976362269456 157492.73517 0.894062530733 153213.282344
0.634366 0.696558305413 153667.623509 0.976228828037 158793.408999 0.89527117764 157471.862486
0.635365 0.699667657863 152941.652649 0.976839143898 156021.320624 0.895359352476 152681.766044
0.636364 0.700687374314 155696.293219 0.976925030773 158300.233848 0.898666379093 156323.292197
0.637363 0.698997637388 152555.538339 0.976934574692 155782.167392 0.895102892077 154012.950985
0.638362 0.702192948578 151522.028528 0.977249628645 152585.063463 0.896885117985 146902.847656
0.639361 0.703239825878 150208.087944 0.976781894371 155320.489154 0.896901206332 152299.726214
0.64036 0.700898551944 154074.165501 0.977870784155 158549.704225 0.896491133703 150512.2032
0.641359 0.702528399711 154439.917874 0.977555329632 153150.177439 0.897327757937 152771.357119
0.642358 0.702903695165 154268.42747 0.977593555703 160109.93877 0.897617722564 152812.433965
0.643357 0.70580097824 157189.473041 0.978473581213 150023.803912 0.89896529095 149382.355497
0.644356 0.70722858335 153051.484554 0.978416139953 154788.729068 0.897569382113 153901.56591
0.645355 0.70694360004 156579.541234 0.978377849525 155755.730033 0.897827258036 155091.907666
0.646354 0.708772476947 154555.671753 0.978148169885 157932.46222 0.898593700858 153056.846243
0.647353 0.708661975324 152898.221056 0.978129034782 153783.46262 0.899248228481 152277.719325
0.648352 0.709421112372 154997.684811 0.97910588051 155122.709665 0.900633145101 155059.684779
0.649351 0.709395949349 158328.319086 0.979067536079 159900.696436 0.899952302528 152641.648207
0.65035 0.710555298966 158307.284098 0.978837532546 160346.329085 0.900146723916 154347.67809
0.651349 0.713317640345 153996.382779 0.979220931827 160552.806714 0.90078728809 152484.60268
0.652348 0.713185371142 153702.875105 0.979691005457 157291.335016 0.901355638881 154732.881933
0.653347 0.715665927145 152536.0092 0.97930723806 157002.598178 0.902453771806 152286.731428
0.654346 0.712672021209 153437.534525 0.979979028449 156314.262065 0.901120092275 153451.007164
0.655345 0.716804771053 154878.122632 0.979950218529 156523.679674 0.900689928485 152668.483705
0.656344 0.717164617966 154907.581094 0.980296049407 155950.025246 0.902592244927 151742.067312
0.657343 0.718494036499 149998.587383 0.979671809944 155541.785011 0.903423976872 156278.850715
0.658342 0.719398582785 155717.622809 0.980805633748 159148.295806 0.903799573407 153883.32791
0.659341 0.719253702358 150210.616263 0.980459443295 154214.145788 0.904478070929 153396.345379
0.66034 0.720793449429 156164.107124 0.980613275543 154061.601809 0.904936428216 150709.548342
0.661339 0.72075708324 157735.453118 0.981036563233 154701.549817 0.903211821236 152656.370448
0.662338 0.720030529294 154725.689833 0.980440217658 158275.981002 0.903856756781 155283.111983
0.663337 0.72539461467 157927.526535 0.981046187655 159415.655125 0.903734229838 151985.157699
0.664336 0.721672548298 150778.57072 0.981556552381 152899.837451 0.905780692379 149902.145368
0.665335 0.724023834865 154406.544243 0.980921084899 154558.975047 0.905362461862 154785.358824
0.666334 0.724942367082 153511.270036 0.981922801229 153245.694159 0.907054160204 156065.615737
0.667333 0.724800498663 152642.425914 0.982791323918 158322.820765 0.906560780368 151700.850534
0.668332 0.729607471181 151910.789846 0.982057803922 157386.89153 0.905231331867 154708.682608
0.669331 0.731282816316 153896.596615 0.98227002603 155109.458144 0.90617467423 154214.599395
0.67033 0.729245668281 157081.271495 0.98199994108 160592.825612 0.907087071288 152468.30623
0.671329 0.729948319659 157318.06026 0.982414775518 160010.987083 0.908223968031 154060.922748
0.672328 0.731138455689 154572.645352 0.98251129888 159530.374185 0.9078858969 153180.380747
0.673327 0.731684117333 153777.091441 0.982144610973 155817.87496 0.907251662539 151066.718819
0.674326 0.733428190046 153954.66705 0.983409875402 154663.72849 0.90800955226 153522.339285
0.675325 0.734942858193 157091.684857 0.983158494981 156271.048397 0.909380257355 149027.536118
0.676324 0.735207622633 153398.926066 0.983429217682 154381.935457 0.908092007882 154814.782005
0.677323 0.735900153067 157761.08338 0.98305218041 158582.374813 0.908471496707 153949.863845
0.678322 0.737164129593 156593.512854 0.983245496736 159873.635036 0.907960086075 156528.820077
0.679321 0.738667001529 153782.786009 0.983197160527 159010.310279 0.909413337456 155314.507597
0.68032 0.738956298125 154690.024618 0.983913022089 157709.000982 0.910688753905 154064.657653
0.681319 0.739967885394 156160.211594 0.983525940497 156141.666887 0.909909827936 154109.32077
0.682318 0.740044550682 153355.402626 0.984416683894 158222.603143 0.909636691106 153036.686007
0.683317 0.741103057791 155351.382023 0.983942065491 156786.740257 0.911394250925 152510.606609
0.684316 0.739120151372 154907.123402 0.983913022089 155172.982768 0.910481462597 152709.282843
0.685315 0.744213738186 153653.043311 0.98419384682 155742.080993 0.912383785115 153201.530151
0.686314 0.742848228678 153999.888382 0.984998473252 152880.442964 0.913250349318 150442.884808
0.687313 0.744690357749 151415.801191 0.984377922372 156975.510002 0.911676755889 153129.768986
0.688312 0.746497062534 155454.504685 0.984891760396 158663.960168 0.912991874372 155070.290479
0.689311 0.746547219112 157087.213413 0.984804467073 160449.255958 0.912741876597 155785.291874
0.69031 0.747233368453 155251.55666 0.984659012584 159265.291151 0.912350488564 152617.487663
0.691309 0.750176291428 150467.11739 0.985279918025 154423.200828 0.913968175628 152298.564888
0.692308 0.752038023042 152183.128998 0.985318750616 156672.303323 0.913834541118 149438.878798
0.693307 0.748362956034 155069.545166 0.985279918025 151598.536605 0.913166954314 151873.660701
0.694306 0.750373310722 154054.01931 0.985571237089 160342.773782 0.913809488998 152977.241452
0.695305 0.752892991319 156987.319533 0.985600378471 157701.826035 0.91481264637 154012.498563
0.696304 0.755800770917 155479.860071 0.985940488632 158264.394828 0.914754068369 156550.845851
0.697303 0.75333539245 151980.751949 0.986533813446 156112.666914 0.91653987865 151793.413787
0.698302 0.753624935942 155296.85319 0.985989094961 158321.266961 0.915197774239 152692.048939
0.699301 0.755326943267 155438.31614 0.985377005242 153241.215026 0.915281540602 152393.021966
0.7003 0.756475429678 155326.528693 0.986348930798 148508.945829 0.914904712674 144474.442553
0.701299 0.756235158885 146645.166794 0.986339202052 153177.583644 0.917203995341 152633.093944
0.702298 0.756418208499 155691.207351 0.986446228816 154864.684144 0.917153522328 152343.095079
0.703297 0.759468675714 155021.917342 0.985619807016 153014.744751 0.917002136615 154317.410187
0.704296 0.758311089541 157308.383847 0.987556784515 154930.411958 0.916212378029 147641.168555
0.705295 0.762904530127 156310.533799 0.985610092647 157543.846338 0.918400146944 149499.228142
0.706294 0.762677608548 153148.05247 0.986572744941 153209.532639 0.917304958033 152727.688499
0.707293 0.761463838082 151674.189557 0.986825874574 157147.187236 0.91840858161 149817.010749
0.708292 0.762032493066 150370.28778 0.987371518281 152958.329352 0.918847397824 149671.488827
0.709291 0.764713079653 149926.364824 0.987537279532 155149.391673 0.91978550602 154752.064134
0.71029 0.765128503332 152130.359813 0.987322775562 151382.355669 0.919227481225 153494.753414
0.711289 0.766636001227 153542.57148 0.987654320988 157992.607205 0.91932888991 151544.091293
0.712288 0.766853523309 155951.99674 0.987595796792 160110.672202 0.919954738227 152084.795814
0.713287 0.767306600371 155488.621126 0.987595796792 157155.607246 0.920327268377 153125.520239
0.714286 0.76852727119 155240.696319 0.987498271878 157842.003854 0.921709956311 154063.469255
0.715285 0.768001966085 156204.062054 0.988327848114 157658.849324 0.920861189384 153307.925197
0.716284 0.769426085083 157256.953635 0.988064184649 157587.766906 0.920988404756 152324.062843
0.717283 0.771575170711 154809.810702 0.988669843592 156545.996143 0.920445863977 153440.341129
0.718282 0.772773639146 151877.345301 0.988093473643 155471.676292 0.921760932085 152056.566453
0.719281 0.772254442394 154325.302548 0.988777376774 154452.08834 0.92084422999 152963.628732
0.72028 0.773167978475 154271.491525 0.988308312661 155694.848337 0.921845904239 152111.38069
0.721279 0.772827389003 155843.812271 0.988386459106 152153.759202 0.922330544821 154107.452212
0.722278 0.775494377666 157130.703115 0.988660069008 154646.506806 0.922713515908 152424.810664
0.723277 0.776626644507 158631.435945 0.989246886345 160032.538354 0.922441148255 163312.233551
0.724276 0.778385783562 157017.703455 0.989266458921 159805.960704 0.924111928437 148541.659657
0.725275 0.778616087766 154136.391632 0.988826263226 153455.89158 0.924941035009 148516.465578
0.726274 0.778773742864 154374.832764 0.989119683482 159120.100033 0.924060692306 152653.814686
0.727273 0.781536970606 154534.659273 0.989012075837 156880.980327 0.924291299646 151415.363899
0.728272 0.781573620327 154933.330674 0.989021857383 158059.766681 0.924428010169 154340.976105
0.729271 0.780780311844 155362.718243 0.989971587815 160228.720043 0.925095053517 156033.277246
0.73027 0.782497104761 155792.351351 0.989805008413 157873.135508 0.925805914048 151368.096632
0.731269 0.783171216891 155053.436695 0.988865375868 159266.379724 0.925600251763 156561.422762
0.732268 0.783195751946 158391.218346 0.989550348322 158616.858381 0.925823056697 158878.461483
0.733267 0.78485542963 157830.778082 0.98981480565 158474.822503 0.927540533521 156782.286157
0.734266 0.783570102099 154437.984425 0.990432422796 161355.627572 0.925703071483 153234.888697
0.735265 0.786961619882 156461.670975 0.989687456701 160014.283502 0.926045968922 156996.956486
0.736264 0.787060721735 158581.415484 0.990000990001 160926.167714 0.92675829217 155230.814155
0.737263 0.788401043843 158137.297262 0.990530528151 158866.847112 0.928125928126 155008.969468
0.738262 0.789147641632 155828.989893 0.990314722019 158479.612815 0.927549136916 155140.955723
0.739261 0.788189764568 157742.156526 0.990628652943 158910.485021 0.928117314028 152059.818912
0.74026 0.790876449281 155332.050968 0.990707166776 157073.859434 0.929134882511 153106.06846
0.741259 0.793071725407 155952.692573 0.990599213464 160654.152842 0.930310444595 156064.163992
0.742258 0.792832791564 157282.900455 0.990167635381 159303.884128 0.928746563638 155121.734368
0.743257 0.793827199695 158990.359302 0.99087405 159649.512122 0.929480327549 153939.241348
0.744256 0.794306411641 153463.696063 0.990854413761 158201.297881 0.928988146111 155313.759935
0.745255 0.79812918519 156701.979966 0.9910213466 158071.501631 0.929031299064 152911.264668
0.746254 0.796178343949 157872.6007 0.991207985172 161438.227988 0.930267172732 154163.245353
0.747253 0.795519633425 149085.539893 0.990491283677 152367.94373 0.930760710729 145475.482013
0.748252 0.799827237317 150411.485814 0.991424180836 145698.286762 0.930899341854 147351.587586
0.749251 0.796349533737 147566.005846 0.991070455199 152852.363118 0.931298136472 153108.192264
0.75025 0.800691797713 158675.004634 0.991561809005 159045.764244 0.933271115259 155731.20974
0.751249 0.800243273955 159895.880787 0.991266938274 159389.242196 0.931766722883 157520.238794
0.752248 0.800922662908 155430.367129 0.991925724602 160902.585035 0.930422970282 152380.730939
0.753247 0.801654615126 153493.068245 0.991866693116 158362.213905 0.93207937588 155310.596829
0.754246 0.803690546992 157395.041928 0.991119568665 156843.55223 0.931740677935 155396.506537
0.755245 0.804537592019 155269.373207 0.991787995398 158723.342258 0.932975070906 151380.989745
0.756244 0.803929607924 155729.532927 0.99176832292 157216.340468 0.933610926982 154788.729068
0.757243 0.80617205324 154661.561312 0.991886369498 158003.141752 0.93497265205 154898.027317
0.758242 0.805263200277 157310.094833 0.991847017516 158514.051702 0.93462311323 153688.682422
0.759241 0.808257155096 157698.624204 0.991955242979 160192.492046 0.93519124661 152506.225795
0.76024 0.808002456327 154199.858532 0.992388381117 159522.668529 0.934649319575 154608.028492
0.761239 0.809913339273 158205.057216 0.992486874361 156974.04128 0.934596908353 151296.241387
0.762238 0.807819694644 157693.643835 0.992477024157 160629.665544 0.935357446848 157168.680658
0.763237 0.812288297362 157655.589978 0.992467174148 166581.171258 0.933567347548 153962.917962
0.764236 0.810057676107 157663.35337 0.992486874361 157384.174919 0.936320820966 154114.983344
0.765235 0.814047198457 158846.932117 0.992575534998 159839.394773 0.935812612882 155333.719232
0.766234 0.811773969656 157972.910777 0.992959914208 154503.179721 0.937031484258 155226.218228
0.767233 0.813027960032 156306.92221 0.993551848503 157888.111593 0.936583903869 153956.757951
0.768232 0.815341465006 157357.427209 0.992900759569 158624.956697 0.936478652969 155021.458974
0.769231 0.813775593242 154875.034433 0.992802184165 155043.578356 0.936092935307 154548.040544
0.77023 0.814537871938 158138.072356 0.992959914208 157274.4668 0.938332770334 150886.94516
0.771229 0.817006813837 156632.517975 0.992989494171 159203.690039 0.938121505497 155538.901005
0.772228 0.81693339542 158535.920676 0.993058520939 159626.605855 0.938676278712 156139.283717
0.773227 0.818129755379 157497.880279 0.992920476999 156346.01779 0.937242258379 153970.32193
0.774226 0.817908934019 152430.848692 0.99299935455 152298.564888 0.938367990391 151851.501878
0.775225 0.821766963325 151045.991503 0.993680193966 154478.312544 0.938826091855 150421.896742
0.776224 0.81961838568 150463.500896 0.993403798776 156451.924547 0.939284640818 152571.131953
0.777223 0.822064203214 154732.196942 0.993463013372 158339.316872 0.939152321115 153397.523508
0.778222 0.826548745712 151569.118133 0.993502493691 151423.399537 0.939867290739 149201.417631
0.779221 0.822652560917 154013.459962 0.993640699523 157894.055272 0.941043617372 153132.787976
0.78022 0.824919157923 154509.611208 0.993857957821 157818.841316 0.940751472276 149458.261977
0.781219 0.824994018793 149106.633733 0.993907347957 151431.162664 0.941141039396 153820.854601
0.782218 0.826589738715 157541.597696 0.99419390758 158156.55761 0.940946215514 155547.841773
0.783217 0.826828945628 157411.404331 0.994055547824 155163.109223 0.942400482509 149005.088329
0.784216 0.827520005296 152187.325609 0.994035785288 160574.750092 0.941194187185 142361.923356
0.785215 0.828418052886 143490.325368 0.993907347957 149413.592374 0.942089743469 142523.253495
0.786214 0.829139270523 151486.238108 0.994114840146 149259.291287 0.941823558774 145829.539224
0.787213 0.829448748362 149265.081122 0.99419390758 146693.83955 0.943084830481 146772.173537
0.788212 0.83245925112 148653.584634 0.994035785288 146302.757087 0.941956632317 143062.321398
0.789211 0.833840586357 153000.176554 0.994520193733 149681.530481 0.941468879746 146215.747766
0.79021 0.833798871036 148984.446569 0.994184023463 153445.33714 0.943227157396 146264.900921
0.791209 0.833632051485 154897.283659 0.994846694124 158256.870695 0.944376239494 150001.48417
0.792208 0.833722403788 142323.036303 0.994253216409 153663.457456 0.94385034309 145651.182714
0.793207 0.836148366166 151918.217854 0.994817003412 150189.63917 0.94452787774 150681.17757
0.794206 0.838468955687 157682.676276 0.994559758123 158460.812504 0.945465547235 143544.098109
0.795205 0.837030216791 151609.824935 0.994619110612 157719.79428 0.944679564692 156341.821798
0.796204 0.838743227148 154747.953262 0.99466857643 154725.233215 0.944992014817 155497.094929
0.797203 0.839334575549 152059.377892 0.99530217374 160744.044585 0.945117052747 148588.441266
0.798202 0.839976144677 152123.904173 0.994530084535 158181.489732 0.946476740334 156323.758296
0.799201 0.843227199137 153060.867756 0.994826900119 146074.53998 0.94651257442 160493.27634
0.8002 0.841014600013 164259.181732 0.994787314472 165779.228428 0.946494657038 157151.426569
0.801199 0.842467080599 165147.048575 0.994817003412 167813.374965 0.946888996203 164239.435439
0.802198 0.842985517509 163399.205113 0.99550033847 167215.732927 0.947158052264 162188.088972
0.803197 0.842758178968 164476.12426 0.995005074526 165639.975973 0.947122169289 160596.146048
0.804196 0.842928671376 163828.608792 0.995341800374 168312.172775 0.946494657038 163306.065715
0.805195 0.843974444454 162831.462628 0.995094185665 166746.402828 0.947795427835 161540.446503
0.806194 0.846009373784 164671.914795 0.995520159283 168552.422876 0.947337507934 162198.876833
0.807193 0.846675528537 164908.231721 0.995549891983 168744.805056 0.948487636464 163050.479009
0.808192 0.847414538244 167670.685701 0.995232834722 166516.492434 0.948442657157 159132.294837
0.809191 0.847780933407 164260.275314 0.995252644884 166027.739744 0.949252937938 162077.220295
0.81019 0.849603235289 163375.21029 0.995460699212 168188.729846 0.949270959903 163997.334943
0.811189 0.849884840604 163831.80841 0.995658927078 166927.041773 0.949983375291 163745.973991
0.812188 0.850571584105 165971.764685 0.995738240331 168839.631687 0.947876283188 162859.028819
0.813187 0.852100854657 168157.644584 0.995837399669 167066.537771 0.950868618483 164157.221005
0.814186 0.852079072938 163927.470674 0.995767986059 166504.329434 0.950597450498 161434.624101
0.815185 0.852580334382 166514.575321 0.996164765652 169846.460857 0.952145183098 162765.99873
0.816184 0.855644257344 157270.75156 0.996105228556 157126.994664 0.950624560336 151092.56793
0.817183 0.855410040803 158559.773723 0.995946497754 167640.662664 0.950778211966 164500.443578
0.818182 0.85764028851 161196.193524 0.996194536869 165796.790717 0.951683051477 163591.928178
0.819181 0.857471146096 165775.100519 0.995708496381 166621.73688 0.951855165718 164258.924421
0.82018 0.858501742759 167229.400259 0.996045698577 166329.286704 0.952217715058 162754.314287
0.821179 0.859128671701 166345.646276 0.996323566041 168605.069041 0.952199581032 165165.062521
0.822178 0.8570742912 165824.255634 0.996025856831 167513.987443 0.952235849775 167477.26603
0.823177 0.860888953934 166200.765007 0.996601588583 166750.314075 0.953889005475 165362.497684
0.824176 0.862239926882 165957.711152 0.996422841997 168658.22284 0.95370705934 161555.068606
0.825175 0.861111350309 165860.583602 0.996224309866 168178.007167 0.953579738338 162360.05009
0.826174 0.862455583537 169032.806672 0.996144919163 167971.777661 0.953761635892 152185.669024
0.827173 0.861497109677 164574.413319 0.996144919163 168873.281344 0.953188893443 164444.203978
0.828172 0.862143288215 165996.068466 0.996432770681 169611.975015 0.954635711013 163423.52536
0.829171 0.865643476078 166676.62786 0.99678039931 168350.1397 0.955210194003 162498.309853
0.83017 0.867581097143 167272.483637 0.996581724684 167393.716286 0.954517252899 164626.412656
0.831169 0.866048308175 167299.905826 0.996690985927 168460.827864 0.955219318355 165086.467315
0.832168 0.869459370164 167894.790355 0.996452628642 167255.941263 0.954726852647 163307.973243
0.833167 0.868010346683 167765.516486 0.996621453273 170070.630558 0.956480153037 164545.68244
0.834166 0.868877670713 165309.51115 0.996959274214 169259.408571 0.955630094703 163442.184277
0.835165 0.870685752098 168869.88178 0.996631385916 168486.339898 0.956315507612 165245.880972
0.836164 0.871345793578 168359.532738 0.996641318756 168541.7215 0.957093498464 163887.950029
0.837163 0.872630807358 166210.117317 0.99678039931 168927.216737 0.955831047304 164144.051207
0.838162 0.873278549659 166479.083661 0.996820143741 171291.515477 0.957487552662 163828.032874
0.839161 0.873126053208 166639.742963 0.997108385682 168739.917173 0.95785440613 163253.308423
0.84016 0.874110592472 167637.58055 0.996949335035 170033.331252 0.95683707935 164844.067793
0.841159 0.875457426505 166272.580848 0.996999032911 167804.91552 0.957111819374 164795.686234
0.842158 0.876147753557 167977.697511 0.99703879478 168464.143315 0.957808534074 164433.115386
0.843157 0.877239152938 165630.949339 0.997088501575 169599.904248 0.958304184914 163717.851135
0.844156 0.87791687883 167640.327646 0.997277432609 168310.484253 0.958965851226 164035.817757
0.845155 0.878001668203 166414.5501 0.99730727037 167236.134741 0.959168209329 163858.434074
0.846154 0.878927708196 168940.62091 0.997217762443 169829.199192 0.959619223092 165113.76238
0.847153 0.879159523496 166573.96019 0.99703879478 169393.869146 0.959260218519 165308.664163
0.848152 0.880103500172 165141.586638 0.997317216687 170210.73516 0.960993282657 163747.572171
0.849151 0.881297975659 166793.150921 0.997118328032 168166.948729 0.960753230533 163503.986534
0.85015 0.883454661107 165808.65392 0.997138213328 169366.098224 0.960836311926 164712.073219
0.851149 0.882807327301 169472.853984 0.997625650951 169702.354581 0.960190501796 167524.625613
0.852148 0.883220575507 167496.929046 0.99740674247 168670.770396 0.961852913452 167093.626203
0.853147 0.883712298624 168792.612619 0.997605746209 167488.233946 0.96040260077 165645.470928
0.854146 0.885606241753 163430.466234 0.997486334437 169596.132486 0.961621678799 163176.839127
0.855145 0.88862822461 167872.547784 0.997386846462 168203.501058 0.962362021345 165362.758464
0.856144 0.888146792902 168895.517868 0.997665462817 166791.227433 0.962538020252 163848.448436
0.857143 0.887240593032 166391.575817 0.997615698481 170219.162594 0.961963945591 165414.735358
0.858142 0.889940996912 164245.416714 0.997486334437 169989.985341 0.962992209393 165011.906827
0.859141 0.889663884984 165542.893183 0.997536085868 169325.962765 0.962149056132 163802.568554
0.86014 0.890242056815 164380.142876 0.997814785619 169757.645421 0.963576797071 165306.188404
0.861139 0.892681794647 167226.066557 0.997615698481 168188.190308 0.962500962501 165343.658482
0.862138 0.893032559967 167733.983745 0.997695323802 168342.504405 0.963595367033 163953.2302
0.863137 0.893439473943 167418.638802 0.997725186575 168580.063094 0.963483957992 162295.27861
0.864136 0.892912949917 160726.489323 0.997954193902 165950.291322 0.963771817385 163392.839752
0.865135 0.895479618884 167096.688347 0.997844655544 164671.074328 0.96387400239 158566.307593
0.866134 0.895086868181 151942.65287 0.997834698704 160474.486444 0.9649901571 151692.127084
0.867133 0.895583875908 165487.570985 0.998003992016 166772.525482 0.96572637109 164255.386473
0.868132 0.898827928381 168945.452378 0.998063756313 169217.616883 0.964803951837 164378.790011
0.869131 0.898149811389 166612.47056 0.998203234178 168363.722776 0.965018094089 164692.023892
0.87013 0.898601775637 166103.023933 0.99791435899 168721.658003 0.966482390691 158246.899336
0.871129 0.901071373864 156583.516169 0.99803387327 154251.010061 0.965539881625 150319.199072
0.872128 0.9013800128 151263.721481 0.998203234178 154295.043419 0.966959010608 154447.993389
0.873127 0.901696993742 137366.250373 0.998083679336 148709.083148 0.965670416687 171398.751912
0.874126 0.90102266072 157892.093808 0.997984072174 152139.13374 0.966258261508 137256.117255
0.875125 0.902388622684 152551.376882 0.998213198375 144683.258387 0.967951137827 141638.449654
0.876124 0.902323482969 143836.056613 0.99822316277 152800.297855 0.967323801969 157930.20247
0.877123 0.905247721039 154671.599278 0.998093641145 140714.080587 0.968054211036 168777.534015
0.878122 0.906971892941 144709.015884 0.998263022341 151679.016364 0.96739866499 169740.127033
0.879121 0.905518228082 177343.007425 0.998302885095 170760.05107 0.967866821525 139187.177921
0.88012 0.907004798055 166014.728088 0.99833278425 151795.061843 0.967679504548 152094.502077
0.881119 0.907523368727 169376.699348 0.998442429809 178073.120168 0.96987566194 169231.40859
0.882118 0.90898348377 171043.120214 0.998352718015 177978.062845 0.968907750293 181945.89042
0.883117 0.910207982524 172878.792063 0.998402555911 171438.054201 0.969480746112 181609.496007
0.884116 0.909281031488 186744.837952 0.998312851281 187996.441146 0.969659358667 185557.718911
0.885115 0.910970821605 187596.200938 0.998292919108 187011.365668 0.969414958073 183892.790469
0.886114 0.911992704058 187694.421262 0.998352718015 186571.972907 0.970911491708 182835.461755
0.887113 0.910796582691 186354.043465 0.998552099456 186086.660231 0.970845509354 159903.805427
0.888112 0.912733545696 180019.305392 0.998552099456 187035.132766 0.971354748468 171717.471948
0.889111 0.914210487823 182146.42747 0.998442429809 169823.079365 0.971156647567 167200.601464
0.89011 0.914879601844 174943.587493 0.998731610854 165795.67658 0.970722994486 169849.349606
0.891109 0.915625143066 165750.861395 0.99860195726 170379.511744 0.971732307184 178023.992024
0.892108 0.914846122882 181367.073063 0.99860195726 182604.065672 0.972327557708 185117.932408
0.893107 0.91678355657 180448.058689 0.998741585602 182962.193607 0.972318103591 178026.863385
0.894106 0.916876020025 187112.396703 0.998631874332 167842.452419 0.972743720939 163735.298951
0.895105 0.918383278077 175244.00353 0.998771511041 177828.353384 0.972734258728 183010.412162
0.896104 0.919286633572 186701.612444 0.99833278425 186117.790622 0.973245481708 182127.128896
0.897103 0.919379602644 184449.087342 0.998681740103 179998.909957 0.973463388042 166648.615037
0.898102 0.920200235571 174602.323533 0.998721636306 174800.758665 0.974079738167 181591.726183
0.899101 0.919793966152 174586.843167 0.998781486586 172609.293806 0.973567638612 174044.371044
0.9001 0.923122369101 157656.597398 0.998691713855 154740.531407 0.974079738167 181003.048433
0.901099 0.923429246851 188058.648165 0.999050901643 186187.190238 0.973833104483 183901.659643
0.902098 0.923267258173 185044.755614 0.998811414417 184506.939404 0.975153099037 185346.491951
0.903097 0.925668795705 185544.913523 0.998881252997 187579.673097 0.975010481363 182829.7235
0.904096 0.925112169851 184114.938391 0.998811414417 177642.924636 0.975552650577 180634.569676
0.905095 0.925446065003 185174.896801 0.998711661956 188247.290719 0.975295758439 181107.543053
0.906094 0.9270074346 184888.387347 0.998921165142 188979.857577 0.975115063578 183846.120466
0.907093 0.929005406811 186981.936197 0.99894112241 187469.841176 0.976247888864 184062.339687
0.908092 0.929100352129 186875.384005 0.99894112241 188455.616168 0.976409935948 175438.250128
0.909091 0.929705004602 177256.593074 0.998891230734 185948.969264 0.9765625 182838.091908
0.91009 0.930345064985 185680.033716 0.99902095946 188513.467354 0.976409935948 186201.407019
0.911089 0.930267172732 188048.02454 0.998841344041 188530.24491 0.977717811085 183474.815379
0.912088 0.932548748986 186212.401717 0.998891230734 186985.103797 0.976057314085 186332.518576
0.913087 0.93282711915 187497.329005 0.998871275459 188775.044974 0.977517106549 184867.770063
0.914086 0.93387248905 187498.33481 0.99906088277 190491.035217 0.977574442294 181765.327375
0.915085 0.93385504702 186971.100482 0.998921165142 187926.865276 0.977392902173 183688.472216
0.916084 0.934343670289 183692.172802 0.999090827347 186842.168566 0.977287830812 182401.251058
0.917083 0.935471196842 187743.738077 0.999160705008 191856.435553 0.978329990706 186693.966937
0.918082 0.93604036206 187841.355871 0.999160705008 188349.831086 0.979019609763 184658.92306
0.919081 0.938500089158 187443.869233 0.998991019071 189292.097064 0.978062067819 184768.089683
0.92008 0.938200718662 187681.319276 0.999270532511 186931.602432 0.979931012857 185984.919197
0.921079 0.939549392112 187850.189359 0.999080845622 189018.777929 0.979652615183 184558.33077
0.922078 0.939920294759 185983.187345 0.999140738964 186832.763833 0.98009428507 183830.971915
0.923077 0.94152206457 187837.486223 0.999260547195 186603.431937 0.97990220576 184264.252866
0.924076 0.941690522827 186048.27767 0.99937039665 187460.708286 0.980267220844 183757.037704
0.925075 0.942089743469 188401.608619 0.999200639488 188162.671304 0.980199960792 185069.00535
0.926074 0.942720313737 186937.517744 0.999200639488 188734.781155 0.980757537122 184362.417759
0.927073 0.943636586678 185947.897576 0.999180671849 191140.631302 0.981209831723 183301.940308
0.928072 0.944322731737 186801.726611 0.999190655569 186753.568609 0.981306118444 184897.27131
0.929071 0.945563887024 185574.549194 0.999290503742 188385.615461 0.981450583963 183361.479656
0.93007 0.946181212626 187048.061267 0.999130756242 189831.490372 0.981681817289 183711.724023
0.931069 0.947310585248 187170.929472 0.999310475772 189489.387059 0.981971012216 184149.454946
0.932068 0.947777461852 189058.736932 0.999260547195 188599.929134 0.982395473122 184148.161352
0.933067 0.948541617263 187510.321485 0.999260547195 186502.037412 0.982424427001 185390.894935
0.934066 0.949081763394 187350.178738 0.999250562078 188260.133846 0.98333251389 183711.080295
0.935065 0.948892642286 188396.700377 0.99937039665 187362.481261 0.98330350646 183661.446371
0.936064 0.950452890802 187274.725147 0.999260547195 187307.676334 0.983342183413 184789.987347
0.937063 0.95177363016 186670.618777 0.999270532511 189685.630388 0.983651708603 182716.14834
0.938062 0.951465732962 190695.602043 0.999350422226 186781.429019 0.983177827374 184151.233667
0.939061 0.953570645281 185989.125258 0.999320462086 183614.974086 0.983961428712 182468.779392
0.94006 0.954417042071 181222.806667 0.999290503742 186925.687495 0.983690412953 181560.991024
0.941059 0.954207578317 189087.800889 0.999330448599 189795.498182 0.984387612466 187113.481856
0.942058 0.95542922658 184391.676862 0.999320462086 187465.316514 0.985678097247 179688.066304
0.943057 0.955602698622 183113.320769 0.999270532511 191183.06115 0.984959665902 184437.164429
0.944056 0.956333798749 186102.595708 0.999250562078 182087.990661 0.985347877068 178046.814343
0.945055 0.957276739133 173092.468589 0.999480270259 182659.015925 0.985736394373 180075.416679
0.946054 0.959297027139 182462.429124 0.999460291443 172179.543072 0.984920861609 182640.403887
0.947053 0.960190501796 187367.670564 0.999520230289 185691.049136 0.986066875055 185111.151322
0.948052 0.960245822931 186339.141089 0.999340435313 188637.250863 0.986592211841 183508.771162
0.949051 0.961214975729 187970.997021 0.999470280751 183898.91817 0.9867869231 183346.971891
0.95005 0.961788156541 186870.138677 0.999400359784 185715.797495 0.986465690723 175345.397872
0.951049 0.962352760028 170718.348979 0.999390371873 175526.352572 0.987400766223 170206.383616
0.952048 0.962250897299 183280.794317 0.999450302334 186471.856083 0.98729353224 182156.948497
0.953047 0.964496870208 187305.91976 0.999360409338 188697.420827 0.987605550343 185904.38098
0.954046 0.964180687461 184977.591726 0.999450302334 184353.909237 0.988210646982 177172.433224
0.955045 0.964366652201 185069.74029 0.999410347895 185838.07384 0.987810419424 181508.348822
0.956044 0.965241648247 185358.532724 0.999350422226 184261.905316 0.988132528335 183364.445614
0.957043 0.96723959492 184288.703315 0.999480270259 185104.289042 0.988748047223 183939.16151
0.958042 0.967529703162 185166.313122 0.999390371873 185375.736543 0.988748047223 184998.804696
0.959041 0.968382317339 185543.189855 0.999470280751 189028.404034 0.989012075837 186199.257832
0.96004 0.96871064613 186472.519304 0.999440313424 178614.183851 0.989697251611 182560.033915
0.961039 0.970082651042 175339.533733 0.999310475772 179278.620416 0.989736433188 173494.278909
0.962038 0.971401927261 185728.955454 0.99937039665 191626.256285 0.990314722019 174451.198589
0.963037 0.970760688075 166316.557489 0.99937039665 181727.997948 0.989853996536 185591.793136
0.964036 0.97238428627 188483.647959 0.999470280751 189546.846854 0.990314722019 182083.010638
0.965035 0.971921196629 184025.837215 0.99937039665 183100.610728 0.990432422796 179992.730434
0.966034 0.973890008862 180832.848661 0.999340435313 184494.684396 0.990687537151 184144.765755
0.967033 0.973643471234 188010.93558 0.999190655569 186379.797077 0.991620804204 180437.035523
0.968032 0.974649369889 182381.184705 0.999230592444 186613.47782 0.990952602737 178736.424218
0.969031 0.9762764815 187132.766295 0.999240577161 184405.215379 0.991669972233 178502.593505
0.97003 0.97554313364 185333.470018 0.999280518027 187805.441575 0.991276764473 188588.82029
0.971029 0.977373796609 189316.874702 0.999300489657 191649.809803 0.991935563866 189105.618699
0.972028 0.978081200301 189136.061674 0.999210623607 187679.891606 0.992536128315 189246.574384
0.973027 0.979412744119 188296.306805 0.999090827347 188745.822265 0.992693773825 183108.284504
0.974026 0.979979028449 191178.965457 0.999300489657 187297.137384 0.992871184892 182735.173884
0.975025 0.979979028449 183059.694783 0.999320462086 184248.22596 0.99285146942 182851.801814
0.976024 0.981884235849 184303.927402 0.999040920716 188682.05644 0.993127557303 185082.398501
0.977023 0.981797474817 187962.910265 0.999170688329 187218.634448 0.99365057284 183701.264004
0.978022 0.982858940085 185344.034843 0.999010979131 191232.746303 0.993591335884 184931.755693
0.979021 0.982984537653 185327.246345 0.999120773719 186780.430891 0.993620953479 184190.859543
0.98002 0.984135732 185325.199175 0.999150721886 185753.467125 0.994154372291 184412.025923
0.981019 0.984852961453 192445.347005 0.999090827347 192535.100452 0.994441074394 189278.856503
0.982018 0.985687812956 183394.671796 0.999010979131 183635.554065 0.994124722888 182091.627041
0.983017 0.986037706082 183709.390531 0.999000999001 185269.942683 0.994698258283 179396.400955
0.984016 0.986222472065 186786.752551 0.998721636306 189686.402452 0.994648789512 178144.215001
0.985015 0.987098621023 183514.230948 0.998631874332 189918.047744 0.994935776896 186361.74396
0.986014 0.988122764372 185475.745741 0.99867176655 189727.759945 0.994737836843 182659.731848
0.987013 0.98884581916 185427.28519 0.998352718015 183975.06472 0.995005074526 186462.488591
0.988012 0.989667867464 189910.480497 0.998432461036 189420.156204 0.99560936271 188821.106095
0.989011 0.990295107942 189426.914466 0.998482306894 190450.382054 0.995213025348 186424.613733
0.99001 0.990628652943 189421.524927 0.998183306382 187842.449496 0.995728325484 187439.680884
0.991009 0.990559963547 190090.537993 0.997894442726 188820.341058 0.995430971839 182682.405658
0.992008 0.991778159061 184613.244798 0.997964153128 186120.268288 0.995460699212 184647.623307
0.993007 0.992220987458 187157.566414 0.997028854015 189694.981362 0.995698582125 191166.940817
0.994006 0.992496724761 187539.498259 0.997068618262 187278.237158 0.995510248778 183037.486363
0.995005 0.992289907419 184956.057379 0.996333492747 187715.169813 0.995024875622 180650.829926
0.996004 0.992408078202 180849.768457 0.99547060873 187154.476478 0.9943916312 187832.943797
0.997003 0.99200444418 185246.294791 0.993769067944 182011.423275 0.99282189768 174856.06895
0.998002 0.989452437021 173584.318452 0.991050811175 184786.812271 0.99087405 182864.238158
0.999001 0.98108468723 183402.129654 0.981845673497 183856.999955 0.981123189828 185451.635296
0.9995005 0.963122056458 186449.309379 0.964776027245 187173.435258 0.96160318483 182860.172244
