# energy, two eff, two rate, three-lin eff, three-lin rate, three-inv eff, three-inv rate
0.001 0.347801892042 127892.941181 0.523966214658 135271.154824 0.524350853643 132667.870101
0.010999 0.616329021085 177446.245384 0.947023505123 183343.605776 0.933288535484 180249.692622
0.020998 0.629568305013 180483.310807 0.983854940428 182179.814167 0.954954782891 177258.166217
0.030997 0.620767144037 178653.364757 0.990422613329 171497.146624 0.948047023132 176414.494382
0.040996 0.610299412892 176796.265713 0.991984763114 183215.62488 0.938103904388 179624.195518
0.050995 0.598422558137 180458.850276 0.990285301195 184686.893861 0.924043614859 179163.672991
0.060994 0.584593619745 181883.322976 0.987742120287 180420.115256 0.910067162957 168402.051032
0.070993 0.571944956017 159431.955542 0.983613007298 169842.127918 0.89794818839 167638.116562
0.080992 0.55796410059 175067.28374 0.978062067819 180908.349432 0.884282758255 173362.762361
0.090991 0.542458203595 176009.547637 0.971024625184 181969.018918 0.87060236978 175426.950051
0.10099 0.528178312998 176073.3863 0.961788156541 179531.625067 0.858663918942 175459.239849
0.110989 0.514030461445 176990.833771 0.950660709193 181807.636841 0.844944275925 179155.637548
0.120988 0.501205398985 174633.437923 0.9386234149 181595.65726 0.835631319462 177366.930527
0.130987 0.483734429798 177216.37506 0.923429246851 179523.556586 0.824347940779 176229.4834
0.140986 0.468283180205 173698.258215 0.901940976982 180725.010675 0.811569738188 177608.246794
0.150985 0.449403865772 171952.179932 0.880739116266 175494.03807 0.803619502238 171024.080272
0.160984 0.431736053846 170173.098208 0.853511774195 177796.090211 0.793373742503 172937.384629
0.170983 0.410984801782 172476.561706 0.819195386292 178040.163527 0.78401856556 159300.07239
0.180982 0.388433989528 154898.313341 0.784289120341 170091.183192 0.777943739109 172912.003898
0.190981 0.361156857646 169504.427447 0.738034613823 176944.465655 0.771509690162 169207.035662
0.20098 0.334010260795 163028.170656 0.683947746392 175536.490027 0.764859304131 174719.787519
0.210979 0.302222544593 168979.144231 0.619651631853 177054.489488 0.761991846687 172924.835921
0.220978 0.263508777477 167307.446836 0.539563493134 176704.94856 0.760832350592 175154.648173
0.230977 0.215586935432 161379.591617 0.442381961433 170153.975347 0.763650248186 173220.427461
0.240976 0.155791389098 149834.297564 0.318283813677 168179.693032 0.777447794381 175437.736457
0.250975 0.0885986004965 133536.49956 0.178423273532 156474.395683 0.800685386691 170457.340392
0.260974 0.0902462730545 132129.198752 0.181855875581 156322.068698 0.7970159722 177284.838976
0.270973 0.092482298888 134135.272365 0.187420346353 154547.072459 0.79658424675 173907.26033
0.280972 0.0948667596361 134840.150133 0.191735435776 156855.576552 0.793524837327 173907.332437
0.290971 0.0967072160023 135979.676499 0.19593282639 157940.669222 0.792958528269 176562.723634
0.30097 0.0988866353723 137297.947031 0.201018763091 157525.444863 0.791596412485 169149.510635
0.310969 0.101299572212 136648.051864 0.205007093245 159899.172465 0.789004434205 175021.917883
0.320968 0.102831570115 131806.491675 0.209633937219 158483.624924 0.789309590901 177119.6869
0.330967 0.10585539095 141995.443204 0.214358136713 158943.364709 0.788873724983 176233.77813
0.340966 0.107603361099 141784.05089 0.219208831485 158678.006114 0.787631042115 172780.229508
0.350965 0.10964575649 140955.490665 0.224056498087 158860.529126 0.786813013887 178145.198626
0.360964 0.112079352181 141255.316476 0.227565459204 160254.615965 0.787866850502 175416.75188
0.370963 0.11490792428 142785.303099 0.232331211375 162459.223521 0.786262422946 178300.823636
0.380962 0.116903552231 143640.154411 0.236783906271 162853.970103 0.787575213433 175137.460833
0.390961 0.118823692969 143337.918402 0.243061800893 163541.154094 0.783508708699 175949.814729
0.40096 0.121559265004 146631.888691 0.246536774658 166608.896683 0.784307574058 177398.662966
0.410959 0.122729805424 145506.620522 0.251334586655 163360.511374 0.784264516736 178072.439747
0.420958 0.125912075598 148843.441817 0.255617841103 165891.940744 0.785077251602 178527.742367
0.430957 0.128865647253 148555.759448 0.25910964743 165551.714189 0.785034109732 177645.106558
0.440956 0.130829261273 146480.872256 0.264462110513 165673.671013 0.782429757369 174231.550823
0.450955 0.132076667864 143845.527822 0.269302237902 159281.621319 0.784978648581 169941.152923
0.460954 0.134588415168 140474.483993 0.273977106473 158571.343237 0.78096324006 170012.516943
0.470953 0.137052199071 145671.265248 0.27868349915 161439.28433 0.782142130868 168381.634163
0.480952 0.139343108717 145564.643335 0.281374684157 160493.5834 0.782527721045 175961.55137
0.490951 0.142288395812 150812.509124 0.287407526628 165878.425543 0.781335458566 171945.342234
0.50095 0.144818188006 153101.876913 0.291579192909 166619.751153 0.782913691595 177119.986081
0.510949 0.145695923865 153266.077521 0.297058526471 167522.149943 0.784092334713 177545.169356
0.520948 0.148185688523 150617.869152 0.300633434647 165596.617873 0.783011776497 177056.955947
0.530947 0.151091180506 150518.954899 0.305894588725 168141.870345 0.781714142772 177321.639578
0.540946 0.152811969456 154063.016537 0.308673414268 165819.338811 0.782417513634 175848.605073
0.550945 0.155320021372 150611.703484 0.313911621322 167620.965889 0.781512539369 170840.315392
0.560944 0.15739405806 147758.714895 0.317346475709 165213.075545 0.783116018638 169863.175693
0.570943 0.160136051589 150155.120405 0.322897292829 165680.346221 0.782686964349 174170.197711
0.580942 0.162087426716 156013.021717 0.326766417562 167137.438862 0.782766610307 172423.029838
0.590941 0.164750616991 150078.504619 0.329191013085 165221.015346 0.780603562675 173377.238054
0.60094 0.166576992719 149594.245212 0.335546823882 170588.785556 0.781860828772 175100.391547
0.610939 0.169044845907 155026.959578 0.337295430322 170581.500854 0.783220288538 175034.480629
0.620938 0.171631096122 155152.777788 0.344030384764 164799.44175 0.781329353762 170475.700032
0.630937 0.173451812485 152144.486885 0.34746110173 163932.275941 0.782044263705 175946.050478
0.640936 0.174841375162 155799.411467 0.350068963586 168504.548168 0.782913691595 173376.664713
0.650935 0.176363732562 153497.168889 0.355478456228 171159.614156 0.783330722231 176216.082228
0.660934 0.17942626657 152080.604855 0.357550208988 170213.981696 0.781298831177 171089.307938
0.670933 0.181886968163 156940.268238 0.363320605001 165199.410461 0.781616382679 172811.552237
0.680932 0.183753270808 155205.310198 0.368082803908 169082.549761 0.780664501624 170022.647775
0.690931 0.186230836847 159638.574623 0.370935015895 165465.896337 0.781335458566 173567.078772
0.70093 0.188640449417 157023.111498 0.375409196024 164037.164983 0.782876916091 175011.766748
0.710929 0.190122743243 159391.48332 0.380750764357 173623.479611 0.781653039849 175905.83471
0.720928 0.191922002898 157238.913848 0.384569532094 170983.434072 0.780104221924 175381.030952
0.730927 0.193792440544 158804.291116 0.387521798101 171533.617784 0.783214154246 171087.284086
0.740926 0.19637106276 157006.829714 0.39072268067 171076.746873 0.781054736316 172536.940139
0.750925 0.197606198511 158895.374563 0.394780995243 169028.855737 0.779368555596 177588.995531
0.760924 0.200242293175 159168.528052 0.398471463466 170382.972362 0.784418314599 175104.63142
0.770923 0.201561293782 154297.143576 0.403167282169 167858.775128 0.782889174208 168818.293199
0.780922 0.205589569208 156956.53622 0.405091186026 169515.388449 0.781347668459 170836.766588
0.790921 0.206177915046 157185.997444 0.409458491145 171648.181926 0.785015621811 176912.597002
0.80092 0.208398023553 162613.033843 0.412858051145 172406.020044 0.78491087337 178005.934799
0.810919 0.210484218946 162724.637029 0.417608024756 175839.316146 0.782350179941 177454.728843
0.820918 0.212322790091 158506.503813 0.41774933369 166008.420141 0.782650210142 168451.152907
0.830917 0.215293595877 158594.727202 0.425397959791 173028.34588 0.7820687282 175029.586787
0.840916 0.21648020505 163561.498215 0.427467341495 171450.458129 0.782944340487 177658.123966
0.850915 0.218301526801 161939.363239 0.430624276013 172707.09246 0.78092664756 178633.27764
0.860914 0.221335894927 157958.15655 0.433903482509 166464.944087 0.782895303411 169435.816394
0.870913 0.223164970241 163557.671348 0.43747402498 173125.047984 0.784184565679 174319.314543
0.880912 0.22449410254 162492.518099 0.443227047487 176024.764226 0.782276738219 174453.738172
0.890911 0.227397278964 163889.807137 0.445414458153 175265.166504 0.782221665976 178321.821625
0.90091 0.227636428202 162624.382739 0.447071236331 174128.909988 0.78170803205 177698.768612
0.910909 0.23074118684 159202.179325 0.450393644045 172045.706532 0.784867749784 169482.372727
0.920908 0.234191489013 162098.141494 0.455085351258 170158.945497 0.783772768599 172405.169643
0.930907 0.234285312654 162102.714811 0.456518861077 169894.894773 0.784498313329 174930.08934
0.940906 0.236256934141 162761.766873 0.461095100865 171618.403001 0.783920228278 169996.875105
0.950905 0.238301766293 161390.272189 0.464712087626 170334.259802 0.784787675694 171752.208273
0.960904 0.239617953136 162447.331413 0.466135272456 174938.33391 0.786101721563 173966.263609
0.970903 0.24261303948 164675.729326 0.470725576403 172189.368303 0.785780515786 169928.140273
0.980902 0.244376887811 166250.76599 0.475122581626 174856.943702 0.784061595879 177694.025779
0.990901 0.24522185221 165672.95117 0.478668153729 173545.74941 0.78444908141 175559.340323
1.0009 0.246560481286 164039.859501 0.480427388205 178049.006199 0.785422557336 177206.941074
1.010899 0.249683526131 164010.481207 0.483947462663 178135.060249 0.784147670689 173997.801332
1.020898 0.250938510028 166010.391323 0.487602701319 173608.747194 0.784123075958 171231.376263
1.030897 0.25197485291 159713.040002 0.488835008408 169426.645074 0.786602584776 175683.02612
1.040896 0.25454878682 161477.073188 0.495196593047 175000.740591 0.78465835975 175125.833865
1.050895 0.257076017378 166486.022181 0.496194190558 176484.493506 0.78600286105 175173.667885
1.060894 0.258026561254 166320.184787 0.499305964709 174481.460712 0.78573112281 176375.9184
1.070893 0.259484818841 165383.81919 0.503418209643 177530.665628 0.785570638512 175263.042653
1.080892 0.261716388419 165984.17843 0.508223048932 174863.723327 0.786280969642 172631.388318
1.090891 0.263399112872 166331.463397 0.508357395583 169393.0482 0.784941678833 173097.826199
1.10089 0.26455026455 167935.393202 0.509780131829 174502.076898 0.787457378869 176430.003714
1.110889 0.267102578074 167127.715529 0.515262062285 175353.681638 0.783828059477 175556.548006
1.120888 0.269263805828 167096.089223 0.515052406582 178539.52146 0.785539783662 174549.570732
1.130887 0.270254931477 163206.427548 0.520145224547 175307.507792 0.786256240909 172773.041121
1.140886 0.272073307432 164416.098595 0.524056828723 170480.619701 0.787401574803 166870.525178
1.150885 0.273015925019 162106.599201 0.528435092318 175137.168312 0.789359434819 177397.762599
1.160884 0.276614460298 167111.734426 0.528122524426 174187.195719 0.787358177108 172767.347773
1.170883 0.277337119909 161546.232806 0.530191770363 172152.900427 0.788655972492 176126.398695
1.180882 0.279777409093 168201.20764 0.535094149816 176138.232874 0.785410219758 171148.788682
1.190881 0.281109708686 166663.381853 0.536469174481 178055.128563 0.787209421322 176345.959473
1.20088 0.28215032405 169746.996558 0.538865687727 176306.82057 0.788189764568 176421.914775
1.210879 0.28444808538 168412.261323 0.542196437769 176528.391907 0.787438776635 176499.495241
1.220878 0.287860076974 168076.041483 0.543504845346 176462.069926 0.788332676389 176588.592715
1.230877 0.288150391452 169850.243762 0.548702866424 175368.78503 0.787916512366 177032.219724
1.240876 0.289640151076 168088.974098 0.552449561355 172843.527368 0.789633688932 163177.156543
1.250875 0.29050766214 158473.086087 0.553088167785 163425.945047 0.790195257248 170981.970333
1.260874 0.293403124156 168792.001272 0.555234753254 178368.838662 0.790182769275 177798.351267
1.270873 0.293698694509 170884.653071 0.558390940665 173142.19996 0.789471606654 176810.575153
1.280872 0.295313667412 169003.996328 0.559634670487 174870.43057 0.789079144638 179526.783891
1.290871 0.29893936314 171129.725209 0.563961718279 177552.083885 0.790426355976 177071.980411
1.30087 0.299307104054 170038.570093 0.566190500456 174254.858965 0.788189764568 166227.507509
1.310869 0.302755071147 161509.904183 0.567936572844 176906.926033 0.789216150519 178200.374644
1.320868 0.303907028762 170996.260288 0.571177253437 178635.56004 0.789085371146 178800.351095
1.330867 0.306124010837 169091.138517 0.574207736875 180098.690708 0.790026702903 177681.45473
1.340866 0.306840706716 168868.997915 0.575264765608 178762.324714 0.789191236821 177796.467049
1.350865 0.308012640839 170990.474311 0.57929372509 178956.817957 0.790057911245 179535.467456
1.360864 0.309609025722 162454.504222 0.581351409486 176193.726799 0.789172552579 176116.192992
1.370863 0.310065020635 171207.3324 0.585103270727 180538.002131 0.791916120245 177576.364157
1.380862 0.311161035171 173154.780237 0.584013222059 180486.495046 0.791158017991 179839.305461
1.390861 0.31525553037 173752.009147 0.588650812338 180512.516822 0.792813934498 177514.286029
1.40086 0.315062839283 172082.976221 0.592115391447 180457.840936 0.791571348283 179021.895941
1.410859 0.318003447157 174766.526094 0.594067640542 179890.752381 0.790989052712 178338.350596
1.420858 0.318749482032 173007.648248 0.594371303753 177376.606592 0.789827027881 177616.444888
1.430857 0.320242872194 173304.812145 0.596093205134 182328.06588 0.792123127619 175439.864544
1.440856 0.321798985046 171248.994077 0.598798809588 179387.347223 0.791608945181 178153.143682
1.450855 0.325575943845 171364.578477 0.602329811712 178848.688517 0.792788793138 179309.737472
1.460854 0.325932492862 173574.908036 0.605059507603 181681.397069 0.789565107539 179013.185581
1.470853 0.326912766597 173825.097547 0.607201408707 181444.747503 0.794754619511 177125.96992
1.480852 0.329606581584 173015.141646 0.608776116495 179268.352624 0.792732230907 177959.410884
1.490851 0.330742516951 172500.112072 0.613496932515 177965.074022 0.78970228224 180159.72661
1.50085 0.330820202528 174953.657743 0.614073332637 179737.809226 0.791276962763 176444.625055
1.510849 0.332934921211 172945.727676 0.615354321018 180160.423076 0.792323965423 177762.557968
1.520848 0.335774413318 173574.046064 0.617585118669 179753.985458 0.793405215846 177128.139162
1.530847 0.337930312011 173737.830638 0.620251201737 180023.168685 0.794969433425 177272.925151
1.540846 0.338461017752 174947.527888 0.624075588035 178913.001008 0.793203829588 178076.673562
1.550845 0.34030968181 174362.432234 0.625140656648 179916.293941 0.794003684177 178600.189403
1.560844 0.341735469408 173800.319813 0.630974540177 180674.330769 0.793902826294 177868.849678
1.570843 0.342729843201 173633.757851 0.630636312039 180885.489757 0.791947478043 178101.324411
1.580842 0.343855305687 173442.767208 0.631955459779 179044.286985 0.792430701935 176758.71445
1.590841 0.344561442196 176313.342514 0.634203883865 180940.112905 0.796508108453 178808.964526
1.60084 0.34653156556 175189.32567 0.634453354989 182297.79407 0.791853412096 177998.682718
1.610839 0.349724941334 172812.477854 0.63741769344 180585.961988 0.794022597883 178530.326035
1.620838 0.349329113438 175151.941857 0.63973387071 180171.722049 0.794855693949 178422.635316
1.630837 0.351314795623 175351.848879 0.640807930639 182262.225654 0.796565210811 176659.995013
1.640836 0.355536593604 175111.430265 0.641939169844 181166.60418 0.794546234645 178783.431549
1.650835 0.355531537425 172033.85138 0.647186357312 180510.963073 0.795165394402 174722.844418
1.660834 0.356272534238 175251.32578 0.647941166942 177960.996526 0.795272897895 176922.298187
1.670833 0.357172196288 174368.521155 0.650457271462 181658.026914 0.795361452012 180452.018042
1.680832 0.359713524149 175458.579257 0.651453066064 180571.268174 0.79619102215 177827.448649
1.690831 0.36146233201 175502.042145 0.656021622473 180264.953944 0.794950474585 177228.580833
1.70083 0.361861269626 177082.67101 0.65754001131 183651.394143 0.795823518177 179555.143064
1.710829 0.363845409362 174814.819755 0.658930818853 181942.575554 0.79791266048 177212.855916
1.720828 0.365988002913 175575.655106 0.658522933061 180837.370693 0.794098261719 177577.266338
1.730827 0.366872849208 174019.314163 0.661953557338 182167.628978 0.799398852063 177613.586751
1.740826 0.368378398291 173754.672374 0.662488572072 183274.387404 0.795152748843 178593.421136
1.750825 0.369882673216 177616.74575 0.666306860962 183577.202537 0.796470044762 180073.097338
1.760824 0.370168834005 177229.554372 0.667650338165 184278.096529 0.795329823278 181305.608352
1.770823 0.37225369834 175368.125119 0.668230325629 181162.691656 0.798728424348 178750.211489
1.780822 0.374486952875 175989.45986 0.671352708573 179814.710813 0.798320334017 178051.878366
1.790821 0.375227481661 175748.469121 0.672988269814 182627.123257 0.797893560999 178734.215406
1.80082 0.375706798415 176288.517237 0.677493004885 182559.716074 0.79840956814 178213.776448
1.810819 0.378254883271 175581.535051 0.678104021157 184664.695409 0.798148295953 180204.543541
1.820818 0.379423125081 171972.555268 0.678246596898 179527.09126 0.797919027177 178328.79678
1.830817 0.380069172589 177114.301809 0.679671039217 182055.822933 0.800038401843 176657.167575
1.840816 0.381989938385 176184.401376 0.684312813073 181538.594714 0.799366901414 178591.52003
1.850815 0.383370903682 175102.511458 0.682291133627 182215.746227 0.79935412187 177665.348322
1.860814 0.38515905143 174707.92485 0.686313535476 180571.967825 0.799923207372 178521.739427
1.870813 0.387487261356 178185.158091 0.687063285399 179299.466116 0.799290230276 178629.169469
1.880812 0.38737468429 175244.00353 0.688112850507 182146.664773 0.799840031994 176687.157915
1.890811 0.389423264146 176934.463483 0.690860605056 182432.112684 0.799188024967 177805.963911
1.90081 0.392379980773 175601.235734 0.693245707076 183276.709858 0.801160079796 175412.130078
1.910809 0.390249994146 174073.480744 0.694859429937 180838.696159 0.798269352045 179475.237721
1.920808 0.391561075697 176592.31016 0.698207004413 181904.857731 0.79935412187 175884.516743
1.930807 0.39384964396 175467.24075 0.699966401613 181924.030318 0.800787975368 178675.130898
1.940806 0.397339415275 175649.035613 0.70037820423 182565.357927 0.800345749364 178124.84738
1.950805 0.39676871558 177907.100541 0.699378951491 183182.017494 0.799667338387 179308.510979
1.960804 0.400057608296 175821.994182 0.704056775138 181351.310918 0.800160032006 177842.604166
1.970803 0.399841662702 177168.915825 0.705243485313 183213.624095 0.800275294701 178542.485477
1.980802 0.402010050251 176790.006061 0.706504076529 181231.341849 0.801802451912 178850.290046
1.990801 0.403165656737 175392.105084 0.708928242283 181234.944093 0.800685386691 178555.178661
2.0008 0.402602422056 177039.094355 0.709144417261 182383.643191 0.803270919183 170654.861928
2.010799 0.40494027131 171149.347382 0.711475386509 180136.049981 0.803445172901 178209.233237
2.020798 0.406647879535 176290.073243 0.712763455192 181984.572784 0.803916682075 178223.620864
2.030797 0.407649128242 179032.135518 0.718003949022 183079.031681 0.801886035957 179250.271912
2.040796 0.408233248149 177127.540745 0.719124394138 183081.748762 0.802800166982 179957.438045
2.050795 0.410037723471 178462.111887 0.717560867101 183136.427186 0.80232352894 176804.314488
2.060794 0.412430660095 178558.295228 0.718519849111 182399.585304 0.804233485065 178263.539758
2.070793 0.413682978186 175637.929013 0.720632427018 183116.35865 0.802329966222 177385.533512
2.080792 0.414722654225 176311.786097 0.720497431427 183502.749717 0.803619502238 176511.305331
2.090791 0.414365213212 176781.213489 0.725178937903 182146.111067 0.804272294428 178021.120756
2.10079 0.417939641157 176995.912594 0.725979164398 182518.406087 0.801288471863 178961.628441
2.110789 0.417442413819 177921.363948 0.728507215864 184591.064046 0.804718871462 178438.575675
2.120788 0.418165091578 177474.852147 0.730812517357 181778.167831 0.805496709546 179522.63452
2.130787 0.420802807596 176417.239855 0.73046552568 181200.102301 0.803380625673 175381.910964
2.140786 0.421930246492 175944.500539 0.731561004872 180153.61342 0.804822496398 180962.75216
2.150785 0.422375779283 178840.605046 0.733681098174 183749.550955 0.804841929045 179659.665131
2.160784 0.425742068425 179170.408012 0.734014988586 184713.083512 0.80673787473 179516.487655
2.170783 0.426752244717 175944.500539 0.737909355215 180425.936091 0.806243550052 174644.70872
2.180782 0.428040047427 178239.449937 0.738677914269 183296.573249 0.804492284919 176453.087242
2.190781 0.428390280681 176931.328707 0.740757202012 177942.574618 0.803994243401 177176.175291
2.20078 0.430072381182 176729.66787 0.741064613424 183346.25057 0.806679304642 179231.428949
2.210779 0.42965477239 175981.632776 0.741553703319 181869.442468 0.807500060563 179609.965447
2.220778 0.431116246185 179858.353588 0.744108520787 184853.104439 0.806516654569 179445.90573
2.230777 0.433594935611 176891.25814 0.747339471482 183219.386474 0.806939681259 178663.029486
2.240776 0.435157222304 178755.315603 0.749192744817 183518.245703 0.805769308247 178380.293341
2.250775 0.436195502824 179426.330809 0.748906596369 184951.897913 0.807291456435 179833.830835
2.260774 0.436683129621 181355.623671 0.746825989544 183105.646571 0.807232805941 178538.609475
2.270773 0.439508278138 179504.579303 0.752038023042 182892.226118 0.807317526056 175826.047953
2.280772 0.439583626389 175625.279498 0.752581354044 181959.782601 0.807760967375 176679.417497
2.290771 0.441168036493 178275.662885 0.753585181501 181501.986684 0.806868060935 179217.567347
2.30077 0.440854905833 177985.690886 0.75509310298 181804.957445 0.80847279489 178226.044272
2.310769 0.444310164039 176505.66006 0.760022800684 182843.432151 0.807663107565 178287.484522
2.320768 0.445140842563 178663.333904 0.758610226066 182849.808968 0.809637929918 178067.147761
2.330767 0.443651786586 178468.794266 0.759307208103 183258.93257 0.806009607635 175428.711006
2.340766 0.447996559386 175743.535273 0.762113798832 182759.618368 0.809729712222 177779.360185
2.350765 0.447785922506 176141.931382 0.761730652041 183201.780344 0.809978940548 175509.165651
2.360764 0.448034695807 176822.799635 0.763446196129 183209.54263 0.807898010955 179882.960177
2.370763 0.45039770117 177756.907712 0.763941940413 183647.37356 0.809316855642 178285.51414
2.380762 0.450344964243 178775.430177 0.76381940254 184372.547977 0.811932154949 180423.995771
2.390761 0.453646409842 180023.477755 0.76612501628 182257.552885 0.810142990238 178924.14405
2.40076 0.454561984072 176365.90624 0.771962328238 182307.777901 0.810615824842 177130.981697
2.410759 0.455433549968 176228.816995 0.771206243686 181282.961588 0.810024867763 172228.256116
2.420758 0.457023769806 174959.788028 0.769692584782 181796.36815 0.810635538262 177564.335947
2.430757 0.45753607672 177203.796635 0.772624373208 182246.624293 0.811470953397 175120.934913
2.440756 0.459856800592 178466.288315 0.772767667401 181711.77939 0.809736268897 177630.28559
2.450755 0.459360386598 178572.055031 0.775482350022 181028.203652 0.813021349941 178089.905531
2.460754 0.461503671262 176538.051 0.777526377582 181143.679196 0.809847748623 177142.87645
2.470753 0.466107027496 178980.79659 0.778016369464 179928.256984 0.811694900121 175331.544474
2.480752 0.461846833116 177834.083583 0.779319965398 182570.761718 0.812103591934 171983.273645
2.490751 0.462817261233 176897.524964 0.782607334596 183246.522544 0.810707829006 177366.930527
2.50075 0.465293739938 178334.180154 0.78183026465 182587.769857 0.811418278008 179448.208942
2.510749 0.466849049028 173612.915136 0.783054696371 168281.852074 0.809946138582 163656.525692
2.520748 0.469349153529 161603.122405 0.784843109862 181054.460031 0.812341085775 179490.982665
2.530747 0.468285373106 177581.702197 0.78584844127 182728.486631 0.812849525296 175998.986212
2.540746 0.470397862512 178256.569706 0.785249866508 181392.721809 0.813484316022 176363.162365
2.550745 0.47151351122 178993.628562 0.786398452368 182233.638395 0.814027318757 178893.084368
2.560744 0.472101180725 179383.818049 0.787686878712 182633.325946 0.813682891504 178824.973993
2.570743 0.472014273712 178854.408395 0.790588830561 183866.429887 0.815474443031 179646.429711
2.580742 0.475111294821 180735.757533 0.792751084087 183508.128856 0.813927934821 179381.900079
2.590741 0.476147396188 179792.434948 0.793159789971 181602.261854 0.81394118461 175776.899376
2.60074 0.476115658016 176699.365335 0.793203829588 181486.907841 0.814458263086 177434.234795
2.610739 0.477422681397 179543.844434 0.792267469498 180943.391343 0.813272608979 178523.639047
2.620738 0.478704816249 178251.191018 0.795880522416 182928.679123 0.816566501176 164555.172205
2.630737 0.479368001227 174570.638964 0.797969964411 179733.573075 0.815807077942 175630.868594
2.640736 0.48196255151 177120.958428 0.798103705596 180650.518697 0.815860324712 180053.694525
2.650735 0.481282907719 177411.344113 0.80064051241 181484.237891 0.81556755346 176238.443332
2.660734 0.483082452513 176683.436475 0.800025600819 181126.939017 0.814312353933 177201.251219
2.670733 0.483283232972 178117.207406 0.801333418809 182796.974524 0.815334817243 178123.86398
2.680732 0.485585397476 177962.884232 0.800454658246 179295.633822 0.816359851423 174846.009931
2.690731 0.487981027298 175417.045336 0.803109640528 180446.506049 0.81734738081 176760.576735
2.70073 0.48793578765 177313.468675 0.804175278044 183019.116563 0.815906921338 179621.272401
2.710729 0.490628986361 175696.272736 0.805269684817 181610.832816 0.816073381318 178579.049776
2.720728 0.488538877924 179383.74133 0.807369670351 180198.427309 0.818880099576 179928.642916
2.730727 0.492491960069 177614.489311 0.809244812741 182831.078333 0.815294932942 177532.243639
2.740726 0.492135671962 181326.928123 0.809769053866 184021.719482 0.817507745886 178413.679603
2.750725 0.494454690644 176764.077939 0.81004455245 180481.990545 0.816926721673 175456.157128
2.760724 0.494481585506 178132.109744 0.812479688008 181878.98509 0.817654802495 179300.539188
2.770723 0.496716702596 178182.887186 0.811280037643 181775.568083 0.816926721673 177604.110428
2.780722 0.497299662831 177290.833959 0.812856132593 181466.100012 0.817862108449 179742.969898
2.790721 0.499276049728 178726.827705 0.814969357152 183403.172199 0.817300619514 178996.531287
2.80072 0.499667720966 176242.220104 0.81469713634 179644.429178 0.81670654917 178706.114936
2.810719 0.501501998485 179451.356762 0.816366515911 180723.998356 0.817634746206 178645.146754
2.820718 0.500956827541 179718.709615 0.815687298117 183062.011799 0.819961133842 178157.229988
2.830717 0.502636327538 180952.915098 0.81893374826 180723.297526 0.817420873659 179794.361708
2.840716 0.50399161358 176880.665232 0.818987403974 181292.756207 0.820849579315 180006.325944
2.850715 0.505221463829 178067.450152 0.821045026109 182951.818764 0.81734738081 177719.323817
2.860714 0.507161114943 176826.526947 0.821267544328 180384.965396 0.822253467854 175303.551165
2.870713 0.506993981981 177892.91487 0.823004625286 180814.528951 0.822104752588 175790.160153
2.880712 0.506385521425 178160.029972 0.823228207091 181948.889689 0.820822628438 176757.820566
2.890711 0.510128603421 180131.485595 0.824966795086 184347.102985 0.820283982315 179709.700321
2.90071 0.509403590277 182057.561439 0.824885134745 184674.940185 0.820438770655 179352.215122
2.910709 0.5097827306 179946.706343 0.826111739874 184844.632028 0.820492623771 177473.575533
2.920708 0.51293362126 180052.071372 0.826309700876 182244.644616 0.823024945886 179488.447927
2.930707 0.512418461412 179335.804402 0.828013347575 181364.798753 0.820613819137 179442.988412
2.940706 0.513597493644 181018.750094 0.830730378148 184550.534977 0.824973600845 179498.433675
2.950705 0.516065106774 179531.625067 0.829710265175 182445.841132 0.822165584149 177209.112299
2.960704 0.516022498581 178242.934225 0.832078281925 182918.706945 0.822463112529 179236.254208
2.970703 0.516539597926 178290.591751 0.83284056933 181945.89042 0.82415771082 177643.827494
2.980702 0.518118607712 179977.824082 0.832313748991 183139.066006 0.824891939156 178625.974355
2.990701 0.520841471481 180452.639133 0.833472245374 183236.755835 0.825102931591 178609.392027
3.0007 0.520264294261 179518.024332 0.835017284858 180301.684671 0.822097994081 176077.451671
3.010699 0.523442366378 177940.687343 0.836400133824 181066.88758 0.823241761408 177955.560157
3.020698 0.522321405254 178321.51837 0.835638302317 181518.167812 0.823825019566 181075.095388
3.030697 0.525602077179 180619.167929 0.838405687744 185759.96627 0.823838593543 179929.877906
3.040696 0.525276295331 179713.550336 0.838954327326 183279.753163 0.825552501011 178381.886492
3.050695 0.526889822069 179200.2625 0.840668163056 180538.002131 0.82442949479 179472.933815
3.060694 0.528650197451 178519.156007 0.839397983766 182842.475666 0.824980406715 176181.367125
3.070693 0.52674550291 179958.750643 0.841057040488 183665.547997 0.825075700696 179133.448163
3.080692 0.530357673215 179734.574329 0.842282585808 182902.992999 0.823316318129 179476.850491
3.090691 0.530377363494 179225.608347 0.841722500926 181865.1841 0.825620660331 176839.946572
3.10069 0.531488006973 178707.713913 0.844209566583 182410.849571 0.824381919656 176983.962888
3.110689 0.530929285528 178912.008886 0.845730330427 182176.886408 0.824246020952 177705.770401
3.120688 0.534396425957 179660.280779 0.845980745478 181602.57637 0.825838845808 179823.49935
3.130687 0.533697670943 179915.676537 0.846295763443 182308.808042 0.825729738657 178835.572311
3.140686 0.536650549262 178118.493296 0.846052319875 181144.305057 0.825791107881 179535.774854
3.150685 0.535374896271 179756.527702 0.84937231386 182374.602634 0.825000825001 178373.314156
3.160684 0.538964433737 180423.995771 0.849725963377 182082.062093 0.826890478356 178111.156407
3.170683 0.537752945542 180350.449618 0.849134307573 182489.103223 0.826535082282 179462.02946
3.180682 0.537894680222 181917.4023 0.850882790896 184156.327467 0.827739195934 178354.80679
3.190681 0.540070533212 182456.396778 0.852878464819 184849.031067 0.826842618776 175735.509156
3.20068 0.540759767473 179703.54064 0.850043777255 179843.238144 0.827294086502 179190.616116
3.210679 0.543121099712 180913.655576 0.853140409849 185072.843433 0.827711790754 179301.382325
3.220678 0.542358173338 178115.013871 0.853817846501 181659.993867 0.829765342361 178345.630381
3.230677 0.543862511557 180090.261876 0.853795976913 180278.590611 0.829710265175 177046.642119
3.240676 0.544404339991 178872.943313 0.853861589036 180906.47675 0.828438641692 179235.181906
3.250675 0.545553737043 180140.614598 0.855483219697 182591.744178 0.831041045117 179435.311713
3.260674 0.546325686595 178208.324623 0.859291084855 182990.051891 0.829724033786 177843.282832
3.270673 0.549387158625 181127.251889 0.858148116365 183287.762343 0.828569061231 178696.217147
3.280672 0.549197073878 178953.611111 0.859224635689 181772.889633 0.830916750451 178089.981148
3.290671 0.551237528251 179732.032706 0.85916557839 186289.070012 0.82949002953 180303.002296
3.30067 0.551547642685 182520.391716 0.859136052785 184577.417001 0.831635411036 181006.641608
3.310669 0.551973858518 179868.072 0.8622101896 183521.216735 0.828994926551 179037.867137
3.320668 0.553317692887 181292.442762 0.862068965517 185230.096605 0.833014011296 177930.874157
3.330667 0.554351381166 179818.565328 0.862470460387 180989.848647 0.830302728375 177569.147036
3.340666 0.556554261258 182130.766839 0.864304235091 184555.975722 0.833437513022 177900.761983
3.350665 0.556371567187 181011.172336 0.864528399758 183176.97745 0.831739166597 177168.317133
3.360664 0.554849663484 179922.468217 0.864573246645 183884.325239 0.82924240414 178919.946166
3.370663 0.555839651377 179310.427381 0.866310901656 184029.551407 0.831593916059 177240.563596
3.380662 0.558596804826 181417.35771 0.865695932961 184185.19766 0.832258332987 179258.392459
3.390661 0.558319235773 181492.090911 0.867355346812 182623.06788 0.834341495974 176875.667611
3.40066 0.55969105054 178482.236475 0.868402313424 181224.764207 0.833472245374 178405.787177
3.410659 0.561845099306 180858.346521 0.868447563136 185446.469588 0.836302206165 180401.25833
3.420658 0.561614754743 183345.288818 0.869172200396 184632.99259 0.833145875511 179803.687809
3.430657 0.561987186692 178256.569706 0.870655429407 182393.23985 0.832930750137 178656.941346
3.440656 0.563993525354 177403.164941 0.8703826202 185485.342457 0.833208352081 178593.725317
3.450655 0.565850898288 181146.260901 0.869534972697 181868.417287 0.833771063141 178892.779167
3.460654 0.566491998301 178901.401506 0.873797436278 182202.131532 0.834320612725 177660.306262
3.470653 0.568802329814 180637.448072 0.872060067497 183862.077491 0.833222237035 178541.725463
3.480652 0.56861150756 180664.213763 0.87624755746 180799.174436 0.835345122838 178985.07371
3.490651 0.570851196219 180444.798176 0.875978906428 183369.175314 0.833493086175 177670.390669
3.50065 0.567913995105 180323.466706 0.875978906428 181061.963253 0.835659251584 179792.743227
3.510649 0.571670306301 181762.334155 0.877131429373 181519.817507 0.835875788858 177551.40744
3.520648 0.571539613411 178778.63064 0.874944222306 182977.279132 0.834529492272 178116.602288
3.530647 0.572174032454 180042.255782 0.877431582272 185411.792997 0.839109201672 181207.069588
3.540646 0.574082472688 181246.769858 0.879314134975 182296.843286 0.835505648018 178732.92061
3.550645 0.57497700092 180798.550958 0.877708828873 185225.67941 0.837780551762 179440.455029
3.560644 0.578044705978 180460.791345 0.879314134975 183913.835992 0.83519861023 178182.887186
3.570643 0.578255288145 181539.61618 0.878804123349 183430.362741 0.83677806972 179509.649763
3.580642 0.575940655075 180626.712901 0.880615021531 183352.021294 0.835380014369 177755.024373
3.590641 0.579008621438 181129.911346 0.881523272214 174500.842694 0.836883112536 169150.056359
3.60064 0.579233326769 174210.564353 0.881803111001 181422.379861 0.838342429349 173668.123319
3.610639 0.578680261795 167775.985292 0.883025598912 181236.901895 0.835435846881 174464.11495
3.620638 0.581368308451 177030.94947 0.884102944947 168400.631155 0.836260244188 175180.691592
3.630637 0.581368308451 150595.156027 0.88529263348 136262.803763 0.839383892223 136195.991114
3.640636 0.583890462149 131236.866313 0.884838295801 164817.379939 0.838869874505 159323.187631
3.650635 0.584378396699 157823.295122 0.885700367566 145062.959817 0.837991167573 141049.108704
3.660634 0.584293034643 150377.296323 0.88564545841 136671.205751 0.838539264601 147566.421186
3.670633 0.58604967357 158019.333172 0.88654840111 149221.854116 0.837135322925 156761.952887
3.680632 0.586730502945 165818.224371 0.887831383064 140120.968348 0.839207787848 137704.041816
3.690631 0.588844921801 139746.967704 0.888778285369 140709.737589 0.840760047083 142680.387121
3.70063 0.589535740604 161223.022855 0.890099424106 165408.733847 0.841290539688 156070.02921
3.710629 0.587841094795 161883.048939 0.88862822461 166268.164689 0.842523864488 160329.902456
3.720628 0.588519168069 166258.805846 0.890012282169 167043.383128 0.840279645066 161034.230156
3.730627 0.590597684857 166514.310895 0.890757500178 164824.43972 0.839524828947 158210.845748
3.740626 0.594120582713 158585.192907 0.892602113682 164949.867763 0.840314950043 161340.793298
3.750625 0.593003741854 163279.174305 0.892729610056 164467.159536 0.838792474354 160742.504496
3.760624 0.5957593847 160509.797889 0.893351676821 163399.459738 0.842971305257 158421.669486
3.770623 0.595457847539 147059.273144 0.894262412362 163706.796384 0.841842962614 155774.877421
3.780622 0.595883635844 165418.845339 0.89304053511 166396.526635 0.842318059299 161537.5224
3.790621 0.59591914569 161135.689929 0.897464662329 163773.658873 0.843177429827 158237.347117
3.80062 0.596683632371 165543.742572 0.893886708799 163076.027034 0.840851951197 157539.112429
3.810619 0.59898531887 163120.168538 0.893663035416 163092.513881 0.840682297753 156814.05646
3.820618 0.599294031631 158772.971485 0.894686457131 158859.506261 0.841467519354 159868.272603
3.830617 0.601514613798 158328.558152 0.896370595459 164109.049093 0.843212978734 159542.571272
3.840616 0.599894418582 160582.188844 0.897666068223 158270.366871 0.843063693462 161362.3939
3.850615 0.603176326536 156315.951494 0.897633837205 164045.762087 0.842240021561 161941.489074
3.860614 0.602987198582 159835.801006 0.898787535614 161295.500474 0.845880561665 157793.429738
3.870613 0.604149297374 159752.580461 0.8995637116 164144.629349 0.842743974381 155619.982324
3.880612 0.604459703694 164094.79563 0.899361453368 168099.415943 0.844309354948 158748.333244
3.890611 0.604631477115 162892.740536 0.899046112075 165465.374126 0.843775049572 159720.946527
3.90061 0.606479628349 161876.988581 0.898844086505 168104.536289 0.845351412582 158109.041342
3.910609 0.607230905624 162359.798695 0.900235861796 168715.6856 0.845015675041 161743.463535
3.920608 0.608324309856 161338.000539 0.902632980404 164895.459767 0.847436082134 159466.506477
3.930607 0.60999042315 162791.963147 0.901510029299 168665.072896 0.846847609773 161025.389414
3.940606 0.609265712963 164365.262583 0.903481112727 170576.852845 0.844758694679 156419.600782
3.950605 0.609555390298 162804.158541 0.904420808914 168388.123757 0.846353064644 158321.804813
3.960604 0.612827709618 164323.406083 0.903260771385 164657.821956 0.844987113947 162054.05042
3.970603 0.611860300056 166174.491964 0.906265010014 166401.807832 0.845165652468 162537.414998
3.980602 0.612553675016 162320.527685 0.903971145241 161009.070595 0.847342733189 165550.276627
3.990601 0.615399763686 159171.548231 0.90732574809 166859.106967 0.845637356876 161430.958243
4.0006 0.616503806911 166216.242993 0.906840296355 168923.746968 0.846811753747 162994.086161
4.010599 0.615138559961 161988.209009 0.90767987946 165698.673084 0.849971525954 160080.423705
4.020598 0.618731476726 166350.330456 0.907564550529 164660.795473 0.846209826189 164760.405688
4.030597 0.617333489724 167097.820037 0.908034287375 164889.431055 0.848673099609 156742.034913
4.040596 0.618689368442 163404.870702 0.909951226614 161903.170084 0.847558184869 156878.515859
4.050595 0.621102581302 160161.234091 0.907704596616 165845.17178 0.847227870408 154474.273095
4.060594 0.620848078475 161571.996217 0.910879545289 163596.267124 0.848658694933 157522.250189
4.070593 0.620435918276 162643.931774 0.909272763644 163531.780921 0.846919330934 157924.493918
4.080592 0.621735886595 163524.767684 0.909984348269 165091.145828 0.84937231386 159672.242608
4.090591 0.623768058085 164415.260738 0.911701691207 164975.625182 0.850701829009 163916.964137
4.10059 0.622517710629 162873.068401 0.912766870214 163966.946284 0.849559927957 161786.636868
4.110589 0.626091747485 161195.635966 0.911626889347 163910.302153 0.848903640948 166178.903148
4.120588 0.626228974362 163917.989106 0.911626889347 164889.431055 0.84909825765 160303.185728
4.130587 0.62896246352 158069.059188 0.914060072028 169123.729194 0.849747624955 155549.803111
4.140586 0.626589972054 162187.587246 0.914871231874 166652.256834 0.850542646208 157310.861839
4.150585 0.628800311885 164332.033217 0.91289185883 169508.195131 0.849285750684 158614.818935
4.160584 0.628875444929 163436.388731 0.91271688435 166486.815192 0.851774245754 154763.769896
4.170583 0.628752868685 164776.652283 0.913400498717 164513.993266 0.850275063983 159110.502467
4.180582 0.63384611484 163609.859725 0.91593544487 166259.596693 0.851948406005 157520.238794
4.190581 0.631763821413 159738.282805 0.915549696038 162289.187348 0.851266684827 159929.108572
4.20058 0.632911392405 163483.911605 0.917035773566 164199.507124 0.853599201031 162929.314235
4.210579 0.633131786381 164712.84942 0.91759113974 166996.228723 0.852405915697 155650.243552
4.220578 0.635598606768 160199.161173 0.916960093897 164640.758627 0.851230453621 160325.489905
4.230577 0.635727908455 159211.84839 0.917296543627 162868.008813 0.851556645548 154616.121599
4.240576 0.635396678146 163225.354524 0.91807131578 160902.09123 0.853053076962 159111.770003
4.250575 0.636253737991 159405.718959 0.918147178993 167629.138819 0.850868311111 162959.066204
4.260574 0.636488619583 167661.168307 0.9196078792 168236.830125 0.852922111153 166039.307373
4.270573 0.63993447071 160664.737604 0.920191767964 160224.86392 0.854664330584 160022.525143
4.280572 0.638475830497 159078.880946 0.920581439237 159984.132433 0.851288425031 162154.98171
4.290571 0.637909697503 163429.638392 0.922100914724 169620.892026 0.85279845814 155615.363325
4.30057 0.639762520153 160038.644585 0.920657717874 163941.695083 0.85275482446 160304.166001
4.310569 0.639971329284 167727.812766 0.922424130615 169051.133254 0.853744952233 164446.911884
4.320568 0.642566152185 167295.434929 0.923343982567 166183.051191 0.855219834258 159784.47041
4.330567 0.642062819426 164353.154204 0.923659539094 158861.792683 0.853970964987 158728.147606
4.340566 0.643716043979 164828.066998 0.922756087883 164925.026286 0.855190579221 165982.799033
4.350565 0.64483263369 162608.179521 0.923028641579 164566.535541 0.855556411112 162346.601516
4.360564 0.648008346348 162885.275951 0.924316929789 169012.509001 0.857294720779 162621.482315
4.370563 0.645707016898 167109.803583 0.925506020417 169543.551021 0.85750791051 164679.544035
4.380562 0.645319497683 164829.945473 0.924342561353 166854.925106 0.856861316996 161314.545179
4.390561 0.645602799334 165545.376038 0.925189201192 163278.093748 0.856619095753 159213.359287
4.40056 0.651495507938 163582.549183 0.924881152772 164388.002819 0.856479697149 160239.493689
4.410559 0.648289811477 161760.74258 0.927583552088 167923.559882 0.854905447458 159709.208659
4.420558 0.65261371794 164569.764047 0.926775470107 169427.808545 0.857118368047 160155.057348
4.430557 0.649629061806 166518.740139 0.927016028107 162249.950485 0.856377011416 158240.391762
4.440556 0.652848049616 164527.545187 0.928160386115 161850.753088 0.85815548061 158757.105985
4.450555 0.650224652617 159979.006661 0.928212077896 166165.406981 0.857691779882 161539.139976
4.460554 0.652511516828 162573.577235 0.927420102758 161439.843576 0.858464893078 156878.750567
4.470553 0.654065014062 166118.746888 0.928022569509 164899.803306 0.858863037111 158421.370302
4.480552 0.652541322179 164883.467601 0.929290300997 160812.762562 0.859712168366 158164.78792
4.490551 0.657082030121 157947.449563 0.928962256264 155147.956923 0.858686038624 160130.416275
4.50055 0.656568640969 164588.750229 0.930189293521 168754.989056 0.859217253082 163006.628611
4.510549 0.657721652197 164677.087084 0.930310444595 165241.454082 0.857257974642 161543.86846
4.520548 0.659761166458 163251.974042 0.932183640177 167423.985081 0.859364929317 163738.239243
4.530547 0.658978583196 162128.405358 0.9298433214 170211.287754 0.860674079939 161503.125479
4.540546 0.659987592233 165791.023585 0.93099467471 163390.675642 0.861252260787 162117.376223
4.550545 0.66152004075 161203.751924 0.931653871953 169644.217873 0.860044894343 161849.254174
4.560544 0.659917906212 166644.44372 0.933488914819 167834.258676 0.858899920981 159795.975826
4.570543 0.664292926609 166791.758046 0.931949078302 160203.750345 0.861445160401 162855.550918
4.580542 0.664067947432 163040.147962 0.933288535484 168444.590806 0.860022704599 152891.644352
4.590541 0.665216494708 145224.942117 0.93327982529 139044.922775 0.862083829032 144292.433487
4.60054 0.66633793995 149419.873255 0.935322452415 154434.913752 0.860355671034 152797.236297
4.610539 0.664765437515 152456.446379 0.934273835661 133693.222749 0.86269367473 141188.509691
4.620538 0.665459965928 144926.522672 0.934902723372 150848.415883 0.861898071934 143649.698234
4.630537 0.666711114074 149946.196312 0.934430978256 157901.782723 0.863707030575 155433.247111
4.640536 0.668297312108 150826.175543 0.936022838957 155713.980758 0.861868358227 148935.405637
4.650535 0.666195888239 158590.709466 0.936250690485 162552.407144 0.860178056858 152977.241452
4.660534 0.666582232917 162341.323245 0.936022838957 161368.912459 0.862269666215 153326.69965
4.670533 0.668851581834 159883.081106 0.937435551306 162388.022719 0.862329151037 154602.044698
4.680532 0.67181275235 157133.116645 0.937031484258 162286.0477 0.864087653052 154948.670046
4.690531 0.66942917774 158704.724283 0.936820804916 163120.739489 0.866430997435 154363.413002
4.70053 0.673777262712 153784.646702 0.937646507267 159639.060702 0.864872344842 159129.75913
4.710529 0.672621609987 159009.767739 0.937734433608 162643.427223 0.865576040855 154716.38676
4.720528 0.675698503328 158341.588345 0.937681675825 157931.451271 0.865343844377 154546.389113
4.730527 0.674741068115 159188.523772 0.938244731756 163552.888016 0.865823354719 140514.203167
4.740526 0.674909562119 166799.319648 0.937620132579 166726.981896 0.86653610856 159747.773729
4.750525 0.67420427041 162090.812196 0.940185404562 167273.284157 0.86484242571 160110.916681
4.760524 0.678711534024 166936.276675 0.940105855919 160564.97625 0.866205845157 157100.805036
4.770523 0.678237396654 163479.897211 0.93979662801 158786.375496 0.864805029706 158219.320446
4.780522 0.676965569531 162561.731386 0.940742622226 157212.215486 0.864977078107 147049.734898
4.790521 0.679624847084 150713.393296 0.941557524457 151004.934486 0.866160828743 145834.457552
4.80052 0.679320136407 147255.416265 0.942054243483 146423.803699 0.867219952997 146541.415563
4.810519 0.68229578887 152650.536768 0.941389113776 153482.50869 0.867144752474 146822.832271
4.820518 0.681895669962 147727.281533 0.942196259481 149717.862609 0.868168598342 145123.591773
4.830517 0.68264977336 145169.70195 0.942356078668 151213.659437 0.868417396137 145240.783038
4.840516 0.684776728548 150477.104132 0.943832526357 152911.041681 0.868334447696 147395.654146
4.850515 0.683340166735 150936.356544 0.943102618996 149920.309227 0.868673882451 148450.076219
4.860514 0.684284717185 150726.987591 0.943618778014 151255.048231 0.869247752995 145696.565993
4.870513 0.68464545635 149843.236894 0.943859251708 149922.345568 0.867995278106 150218.685936
4.880512 0.687058564872 151438.981266 0.945519184584 150959.118382 0.870223560433 149846.609493
4.890511 0.689027919411 154256.683052 0.944090934839 153918.904488 0.869353548701 149885.057143
4.90051 0.687271052831 149146.664837 0.945698019708 151868.106642 0.868409854715 148202.599541
4.910509 0.687767369565 151056.980081 0.944536799154 152521.753866 0.871345793578 148964.709927
4.920508 0.690641122154 152259.145596 0.946261792788 153032.274919 0.869890480788 149362.087784
4.930507 0.690207338284 150341.559582 0.947059380623 153851.153745 0.86868142846 144235.420262
4.940506 0.690388412521 152964.130797 0.94664697641 154285.508292 0.869550094781 149640.357584
4.950505 0.691204423708 146635.272072 0.946154355622 152801.24418 0.872044857987 149798.818411
4.960504 0.693476466876 152726.798697 0.948271774691 152618.154058 0.87073882189 149472.110184
4.970503 0.692818246061 150480.505325 0.947220854014 152982.151552 0.869860213464 150076.249239
4.980502 0.693712192685 152844.175106 0.948109942829 149368.098369 0.870723658433 148108.870845
4.990501 0.697320893129 153694.820999 0.948838621527 154469.494302 0.871695185627 148739.142369
5.0005 0.697481394684 152099.355673 0.948163880645 152550.933006 0.873950167361 150639.398865
5.010499 0.695468328372 149484.202832 0.948298752039 152276.779474 0.87130024135 150060.946661
5.020498 0.696383679552 149257.963406 0.949316017809 153338.471055 0.871216741301 149124.234167
5.030497 0.697831836484 149939.388696 0.949884114138 152379.1255 0.872912647631 148058.000359
5.040496 0.7005352089 148970.900214 0.949198876149 149517.50768 0.872981230904 145486.078713
5.050495 0.698158258514 147012.985556 0.949884114138 151442.91821 0.875702751458 148622.822686
5.060494 0.70330906917 149991.345905 0.950218075048 154390.118571 0.87319467002 148021.163304
5.070493 0.702138714524 150956.347481 0.950579378131 148465.524974 0.873789801125 146790.254589
5.080492 0.70231130651 152391.360901 0.950479992396 152344.035749 0.874622818909 144430.613076
5.090491 0.700785580636 151442.426081 0.950733015155 153048.189535 0.874057110892 148843.864379
5.10049 0.703304122769 154482.579797 0.95070589913 152342.652415 0.874118233232 148090.881808
5.110489 0.706933604796 150268.844941 0.951764571516 156950.662913 0.874454558969 149769.666378
5.120488 0.705676461456 152359.309427 0.953143467155 150816.576252 0.874844715063 149850.678227
5.130487 0.705537054806 149386.399059 0.952861920779 155695.830854 0.875074381322 150999.226338
5.140486 0.70730861997 153425.298927 0.953379731147 154373.639575 0.876608576738 143603.663443
5.150485 0.705537054806 151290.729479 0.952734825316 152136.816001 0.876055647055 149681.103149
5.160484 0.707709074953 153080.978494 0.954216683524 153998.248645 0.87548041988 151945.184875
5.170483 0.709260099864 153918.848004 0.952671290298 152770.633741 0.877269935959 150056.8665
5.180482 0.709053909369 150782.473401 0.953788926511 154172.538693 0.87624755746 149027.694971
5.190481 0.710641140437 152906.359117 0.954571922221 154618.059511 0.876447233494 145928.527342
5.20048 0.706728764567 152004.546034 0.954362390487 152541.61222 0.875388453626 151906.883556
5.210479 0.712342038153 152372.371958 0.956251494143 153523.51935 0.875373127796 150610.351431
5.220478 0.711197086937 151354.604921 0.955630094703 154635.046817 0.877678015043 149683.987686
5.230477 0.716671205584 151913.32079 0.955657492355 153041.153191 0.878217569621 148346.589478
5.240476 0.714556224857 152261.024874 0.955575304112 150779.763184 0.878495313228 147306.202251
5.250475 0.712951476523 150030.297199 0.955447483829 151037.99587 0.87864197097 150361.285456
5.260474 0.716558227522 149821.720074 0.955520519803 153399.430993 0.878032504763 147231.380126
5.270473 0.713409240076 151609.33172 0.95642526493 152705.335379 0.878348704436 147369.55279
5.280472 0.7171954788 153163.54373 0.956599098884 151993.969966 0.881694263697 149988.020423
5.290471 0.717710217323 149462.52269 0.957285903008 151967.866597 0.87820214457 148448.97286
5.30047 0.718700589334 148052.094746 0.957487552662 152482.717878 0.879615783826 148267.404957
5.310469 0.716876711543 153479.92519 0.957350055048 151359.902998 0.878665131932 145492.185131
5.320468 0.718819410999 151047.623369 0.957496720574 153032.219084 0.880421193499 145317.572451
5.330467 0.721022120959 149522.62462 0.958598146071 152187.325609 0.881041743758 146576.187883
5.340466 0.718876252642 146969.559463 0.958938263555 150939.072393 0.879329599114 149071.286381
5.350465 0.722037300447 151107.863885 0.959646849959 153954.893091 0.880731359321 149388.208091
5.360464 0.721719424357 150873.973248 0.959877135727 153360.337032 0.880653797379 148464.000974
5.370463 0.723777539735 149504.13067 0.958001226242 150218.524534 0.880723602512 150509.016609
5.380462 0.724254560993 148663.964397 0.959536352035 151516.719095 0.881072794234 146594.220678
5.390461 0.723814211368 150591.100833 0.959775796374 155177.116253 0.882596953275 146048.090701
5.40046 0.724002867051 150438.568018 0.959738951005 153612.919837 0.881958653778 148542.290934
5.410459 0.725320954522 152759.00499 0.959858708798 152693.438626 0.882760568851 146020.380099
5.420458 0.727849713591 149035.532129 0.960199721542 150037.703452 0.880273941251 148155.798869
5.430457 0.726865682491 152213.504431 0.961593938112 152885.346852 0.881235845149 149593.551609
5.440456 0.727156382252 153953.875914 0.960845544079 154741.559006 0.883423442524 146857.584028
5.450455 0.72748965146 150609.648373 0.960328816587 151369.735465 0.882893063992 149685.1629
5.460454 0.730108202036 151278.397359 0.962102771818 151322.769648 0.882456759619 147867.742349
5.470453 0.730156180407 152211.847277 0.960679392466 152391.637743 0.881888652739 149538.297426
5.480452 0.731459334518 154140.640016 0.962028726178 153830.783732 0.883407834061 144641.796104
5.490451 0.733239967444 152399.555842 0.962482434696 148841.645954 0.884407888918 147159.886715
5.50045 0.733401295187 150963.193421 0.962732620269 151767.873497 0.884407888918 145591.574767
5.510449 0.730908665653 149666.094665 0.963335452671 150190.284532 0.884963583749 144396.851179
5.520448 0.732702720525 149112.623776 0.963112780507 149396.455707 0.885794513389 147167.683561
5.530447 0.734894248718 151400.224232 0.963186993123 149628.453174 0.885700367566 150060.51716
5.540446 0.732761779146 152602.550832 0.963140608897 154377.730584 0.887579216445 148428.74751
5.550445 0.735494215338 152625.651405 0.964059848835 143994.468596 0.885786667139 148253.988676
5.560444 0.734829446086 151149.194776 0.963911165947 152152.379322 0.88640694943 147849.134313
5.570443 0.737615436816 151041.2049 0.963883293011 150949.28486 0.887272081984 148653.531949
5.580442 0.737468565402 147210.606819 0.964338752917 151323.47938 0.886579840948 148707.765039
5.590441 0.737746038304 151597.605119 0.964004087377 149888.860141 0.886619143881 147116.373806
5.60044 0.737838575676 153162.536982 0.965055345924 150399.943774 0.887878680257 149423.918848
5.610439 0.739820075758 148949.157117 0.96445035974 152551.82076 0.88656412075 149226.154453
5.620438 0.740159578405 154195.550196 0.964552688691 153021.276223 0.888928396818 146934.600275
5.630437 0.740132187609 151080.213673 0.966099566221 152616.98787 0.88872299393 146084.10477
5.640436 0.741795739125 153466.054408 0.965959584251 153332.136693 0.888880987725 147946.709183
5.650435 0.739891235988 150084.143368 0.966090232828 154282.159926 0.887618608036 148479.242379
5.660434 0.74368241786 154040.723447 0.966473049899 153326.47545 0.88753195115 150329.381709
5.670433 0.744989942636 152435.77918 0.966603837417 149075.525059 0.890495738978 146383.126048
5.680432 0.746229674569 149966.837349 0.967445460262 154350.802095 0.889173424385 145536.509875
5.690431 0.745439772194 153111.433974 0.967707597472 152166.013641 0.887579216445 147196.037997
5.70043 0.747149624184 147003.917016 0.966575808541 151762.546821 0.888115241834 146400.65146
5.710429 0.746881768616 150756.134223 0.966921611665 154666.865302 0.889125989153 151228.271075
5.720428 0.74689292543 150296.145079 0.967651413255 151463.754613 0.891909489025 148323.087499
5.730427 0.746614105034 152399.278972 0.96745481986 153022.895221 0.889648055229 144666.540889
5.740426 0.75004687793 152900.72927 0.96751098125 154627.179748 0.89003604646 147578.207438
5.750425 0.749052448652 151384.213366 0.968513622144 153909.359315 0.891233824106 148562.810347
5.760424 0.749305019594 154216.527254 0.968654345383 152862.669006 0.891352984695 150732.458497
5.770423 0.750249457945 149260.406725 0.968926526302 154561.936741 0.892291493785 149674.853699
5.780422 0.751862739938 154401.485445 0.968185426873 152621.430586 0.892100450511 148578.019415
5.790421 0.753125470703 150085.056348 0.969668761151 152437.164206 0.889806378132 146556.418384
5.80042 0.753040400617 148696.008542 0.968973469506 151051.213598 0.891877670059 141666.531563
5.810419 0.752456771358 152285.5703 0.969527743036 153765.703568 0.891670902103 149515.748813
5.820418 0.75411369018 151639.917092 0.968269798697 148178.881412 0.891670902103 147965.759381
5.830417 0.752207729687 153163.991177 0.970374467507 153552.520931 0.891432442792 145559.995766
5.840416 0.755087401367 147113.587379 0.969414958073 151993.033614 0.894390383515 147221.40614
5.850415 0.758265089475 149169.57972 0.969480746112 153598.012526 0.894678452564 149252.864565
5.860414 0.75646398475 151719.507819 0.970186178728 152454.562274 0.894126483132 150499.943665
5.870413 0.755943606607 154613.043839 0.970883212458 153852.508175 0.893918671279 149870.007732
5.880412 0.75926108711 151733.28423 0.97026148547 151831.053318 0.893591164171 147921.559997
5.890411 0.758196099839 148031.507179 0.970628773319 150952.272812 0.892777430587 146258.729469
5.90041 0.761376873939 151992.097274 0.971260404627 153489.080157 0.894494387048 144842.492616
5.910409 0.760022800684 153039.477967 0.971203807119 154805.468216 0.893112317805 149737.104407
5.920408 0.759503284852 149914.46845 0.971269838186 153752.96468 0.896997748536 149695.259815
5.930407 0.75978604425 148589.967822 0.972214120438 151634.873493 0.89593692604 148488.704135
5.940406 0.76317817921 150141.844048 0.971505736741 153396.120976 0.89657954902 147141.508017
5.950405 0.76100025874 151383.284512 0.972270835764 150499.511648 0.895391420359 147228.1759
5.960404 0.762288083913 152225.989488 0.972592347643 152313.663514 0.896378630333 148994.660879
5.970403 0.764438328938 149987.805881 0.972516678661 149665.186775 0.89629828807 143196.100596
5.980402 0.765644021469 151489.466214 0.973141300117 150219.869561 0.895303239207 145734.58423
5.990401 0.764426641797 150244.676175 0.972620726548 148561.915793 0.896780557798 143474.275018
6.0004 0.766342248448 150197.276305 0.972686950432 151483.01014 0.897263346792 147962.470914
6.010399 0.765257317773 151875.750452 0.973283371454 155919.357543 0.898464524128 149461.883568
6.020398 0.77058225195 153372.842688 0.973890008862 153228.283 0.89727139768 149550.614079
6.030397 0.765855115529 154130.274372 0.972951936174 153804.553297 0.89924014208 150248.282157
6.040396 0.769580040172 151863.982603 0.974573380503 150729.966748 0.899426166106 148661.540566
6.050395 0.769716282578 149429.508514 0.973349685608 152867.794614 0.898512961049 147783.392169
6.060394 0.770487256141 152750.826976 0.974639870568 152995.042065 0.898254691135 147567.251873
6.070393 0.76920118457 148183.959489 0.974364470774 153966.47856 0.898472596586 145708.612235
6.080392 0.771932533097 149325.502798 0.974544887538 151967.866597 0.900025200706 146507.273835
6.090391 0.771902740255 149214.528187 0.975409916017 150100.363844 0.900454729638 148419.92363
6.10039 0.773042463223 149075.94894 0.974345483422 156033.277246 0.900949600879 145781.539569
6.110389 0.774767376095 150422.975677 0.975134080936 153432.81966 0.901510029299 148560.600292
6.120388 0.772290226667 151341.552477 0.976019208058 150116.534098 0.901396262811 148161.29406
6.130387 0.77399380805 154851.70535 0.975381374117 155042.374808 0.898747146478 146753.018645
6.140386 0.775464309255 153004.418348 0.97585729063 153293.133046 0.901323142373 149718.07638
6.150385 0.776246846497 148762.618103 0.975267223219 152869.688947 0.901558795157 146743.520085
6.160384 0.777822718646 153264.173351 0.976476676855 153658.897575 0.90117693708 146085.834706
6.170383 0.777441750177 151122.727333 0.976371802382 151716.489418 0.900090009001 149217.872544
6.180382 0.777302759425 147654.00633 0.977564885869 154443.955526 0.903293407765 151185.480037
6.190381 0.779441452255 151857.109703 0.977268729355 146484.709104 0.902738909852 147091.506099
6.20038 0.780439075024 150828.399282 0.977287830812 154056.169495 0.903334206556 148090.411223
6.210379 0.779781817048 152848.853862 0.97727827999 155303.120907 0.903570912245 145798.313047
6.220378 0.782087077575 145377.107365 0.977593555703 147227.917501 0.902136258661 145573.737264
6.230377 0.781787478892 153866.787579 0.977163684689 154210.290236 0.902103705842 148312.702837
6.240376 0.782319577547 152924.868069 0.977784730914 149356.290421 0.902983457343 148268.295968
6.250375 0.784067743453 153665.540454 0.976829601844 150530.353139 0.903383169972 145477.601229
6.260374 0.783846491503 149200.51537 0.978636368085 154026.977372 0.904879108151 146246.949051
6.270373 0.783116018638 150462.367404 0.977822974929 155726.873228 0.903881266157 144168.639647
6.280372 0.786417005481 157056.626156 0.978588483971 167694.081636 0.904600799667 163544.023648
6.290371 0.784467542655 164010.288808 0.978310848489 165187.374046 0.902527075812 157784.941245
6.30037 0.785471911524 163024.43207 0.978129034782 158163.296859 0.90353009207 158531.606318
6.310369 0.785434895302 168630.895975 0.978569331637 166076.781781 0.903905776862 163732.550514
6.320368 0.789353203985 166910.368386 0.979374375649 166530.971364 0.905829921374 161862.30815
6.330367 0.78841969157 166347.5595 0.978655523042 164200.149938 0.906265010014 162670.929779
6.340366 0.790939002784 168887.288992 0.97864594547 166033.523357 0.906716959234 159522.425843
6.350365 0.789833266198 162969.386978 0.979048364989 154705.829412 0.907350445963 160448.0284
6.360364 0.789234836826 165111.292455 0.979863798932 170966.149607 0.905895568359 163786.961175
6.370363 0.788724396034 165857.566594 0.979518272913 162721.733028 0.907062387751 151897.641303
6.380362 0.792273746425 158778.26069 0.979633421174 162365.078167 0.906437519262 158932.222631
6.390361 0.792085481865 161619.312763 0.979786994307 161743.713026 0.907136442392 161360.593629
6.40036 0.793701187377 166904.789192 0.979873400357 162109.230667 0.908174478481 148980.213068
6.410359 0.792135676999 156544.009602 0.98009428507 164508.895741 0.908909127265 162850.808565
6.420358 0.794596742153 165664.70614 0.979863798932 165880.918472 0.908405475868 161286.444961
6.430357 0.793902826294 163614.710213 0.980401768645 165376.711411 0.910464883369 162596.64379
6.440356 0.795355126064 166407.617536 0.980123103462 168251.609787 0.909198359806 162862.190676
6.450355 0.796838146236 164626.154193 0.981614362981 166600.889109 0.909024798196 160181.480025
6.460354 0.796102283221 166790.630498 0.980911462931 162007.35508 0.909760823879 162234.951323
6.470353 0.797645350924 168139.578607 0.981431319436 163312.805849 0.908595311648 164589.525268
6.480352 0.798645497237 168309.06592 0.981874594977 170080.768317 0.908628334666 159904.049275
6.490351 0.798377696521 164991.459931 0.980709445213 165814.684487 0.910556076596 162560.912322
6.50035 0.79966094376 170426.518947 0.98218319681 163665.849307 0.911228153305 164130.562386
6.510349 0.799699313058 169711.555775 0.981546917943 165011.32256 0.91091273456 164983.86666
6.520348 0.799290230276 165217.696156 0.981884235849 167364.259826 0.911635200058 166002.638277
6.530347 0.80039699691 164962.064228 0.981335008145 165893.056174 0.910580950647 154412.001294
6.540346 0.801243529958 157339.836542 0.981383161428 163893.841688 0.9124337345 161063.541375
6.550345 0.804155877575 164535.096511 0.981720366771 160803.021375 0.912600271955 165153.811473
6.560344 0.802445854966 164941.889136 0.98249199269 165641.611338 0.91166844442 164572.734385
6.570343 0.804531119264 165605.9677 0.982598186124 167385.031898 0.912184042252 164828.261321
6.580342 0.805049269015 168364.601359 0.983032852958 161474.462205 0.913091911832 160666.337747
6.590341 0.803412897991 163381.574278 0.983206827388 168424.975204 0.91091273456 163098.094799
6.60034 0.806009607635 163356.821152 0.982723717054 162976.605965 0.914611838736 165320.131805
6.610339 0.806302056877 163370.946696 0.98321649444 163195.251261 0.912092522665 166007.631681
6.620338 0.806302056877 162177.365253 0.982994200334 163381.574278 0.913600774733 159665.070259
6.630337 0.806601224421 164449.61988 0.982839620231 168760.149419 0.914026653017 164173.734419
6.640336 0.808231024756 164834.544679 0.98363235757 170226.347294 0.913458903484 161651.142499
6.650335 0.807800117939 161940.176052 0.983709766271 165783.618651 0.914143630247 167230.800453
6.660334 0.810162680666 158502.191056 0.983419546447 165126.373148 0.914118561177 156828.069966
6.670333 0.810274277843 160066.861425 0.983806544281 160993.002263 0.914645300552 159091.491839
6.680332 0.811536807252 165721.259975 0.984348853234 159191.84681 0.915197774239 161408.283331
6.690331 0.809637929918 165904.080059 0.983825902168 170032.159451 0.9168592071 161023.349381
6.70033 0.812202530823 166482.123323 0.984746280121 165029.826369 0.915214526285 160991.457401
6.710329 0.813742483054 165934.600237 0.984377922372 164844.067793 0.91444456637 161325.713547
6.720328 0.812261905729 157167.973932 0.984959665902 164348.517424 0.91574252983 158971.13636
6.730327 0.812968473083 161762.80134 0.984629926842 167730.093293 0.915876722993 164384.137179
6.740326 0.813649788858 164566.535541 0.983796865623 167769.744116 0.918990947939 165391.775412
6.750325 0.816813284651 166872.71606 0.985027580772 164035.047924 0.917203995341 155916.227681
6.760324 0.815980155363 164265.679107 0.984232593847 166952.689419 0.917869075155 159493.187617
6.770323 0.816519829184 163793.485209 0.984532986778 158202.073602 0.916775151726 159365.562815
6.780322 0.817460966239 160018.129495 0.984455448469 163886.092964 0.916716322134 162746.925532
6.790321 0.818538254385 167173.478339 0.985435266757 166122.365563 0.917439609538 161248.187339
6.80032 0.816486495313 164601.216328 0.985522671949 161161.384473 0.917683766174 161028.727762
6.810319 0.820613819137 158778.020264 0.985551810459 165063.403523 0.916985319065 157746.843317
6.820318 0.818565055458 158535.62106 0.985658666404 162226.793948 0.919227481225 162623.05862
6.830317 0.821881780525 161255.440631 0.985853009316 170492.816163 0.918822070106 162523.370244
6.840316 0.822091235685 168365.209614 0.985328459242 165830.549593 0.921115655282 165062.494097
6.850315 0.819101445714 164175.019649 0.986037706082 166733.675973 0.918923389357 165984.17843
6.860314 0.823160442202 164376.599705 0.985755828281 163771.996237 0.919058516456 157427.238343
6.870313 0.820337815112 160452.386317 0.986173842725 163924.203253 0.918425451406 157838.499341
6.880312 0.82368251981 161798.182776 0.986621413631 164097.684645 0.918762977527 159917.644951
6.890311 0.824001516163 169765.753193 0.986290561199 165951.407537 0.921183536608 166151.64973
6.90031 0.825293598198 168142.07256 0.986806398453 169969.457154 0.921217481023 163941.951401
6.910309 0.823418008152 165801.18187 0.98643649815 169371.77479 0.920234107557 159538.019902
6.920308 0.826815272932 162617.762357 0.987108364756 168124.279491 0.920742486741 156666.158678
6.930307 0.825457096867 161926.484373 0.9867479747 166500.958482 0.921208994685 161524.520757
6.940306 0.826473602433 164539.421086 0.98679666068 162424.181403 0.92211792044 160423.051665
6.950305 0.82775975101 169451.355149 0.987352020616 165098.229082 0.922185949575 158641.755841
6.960304 0.829173645545 166512.393833 0.987166831194 164479.34922 0.922092412102 159322.461395
6.970303 0.829923730009 160787.733789 0.98724479722 165142.106807 0.923088284163 158697.398406
6.980302 0.826760586669 162860.356784 0.986592211841 168451.694134 0.923096805162 160388.023699
6.990301 0.832265259584 165271.275066 0.987800661826 165124.682934 0.922083909636 163230.436339
7.0003 0.830723477076 159306.667416 0.988103237026 170060.494007 0.923395139248 160124.79208
7.010299 0.830261366278 167390.910462 0.988025135359 159816.921152 0.922986044451 159620.956248
7.020298 0.8332152945 169423.49694 0.987556784515 168376.496923 0.924547665055 160813.070847
7.030297 0.831607747258 167925.845734 0.987917765725 164046.852828 0.924949590247 165006.129254
7.040296 0.833090348648 166746.402828 0.988327848114 170840.037049 0.924197334615 158473.864476
7.050295 0.833326388947 170433.23638 0.988181351042 163637.243228 0.925300491335 160338.115349
7.060294 0.833256951446 167535.064377 0.987751876729 157950.423581 0.924077770385 162463.250873
7.070293 0.835261395054 166850.212466 0.988073947454 165970.976574 0.922696488217 163391.503089
7.080292 0.835910724735 168132.231988 0.988533017003 161525.827047 0.925120728255 163404.043119
7.090291 0.837058242513 161839.761695 0.988005611872 168301.434351 0.924009461857 164116.56205
7.10029 0.834620039227 165736.648774 0.98868939334 171039.632728 0.925018037852 159705.620743
7.110289 0.836764066004 165885.379691 0.98827901093 166210.183183 0.926457781319 159637.359438
7.120288 0.837149339071 162633.147693 0.989119683482 167427.861346 0.926921508287 163682.711145
7.130287 0.839285264669 168658.561938 0.989227314545 163524.257654 0.926114578896 165502.393968
7.140286 0.839052877112 163674.152051 0.98868939334 168043.516671 0.927110567206 166573.100196
7.150285 0.83927822073 169616.296219 0.988904491604 164303.451258 0.925925925926 161779.023711
7.160284 0.840597496701 165654.237443 0.989403488637 168101.437095 0.926852778705 161814.974092
7.170283 0.841425037443 166937.339751 0.989403488637 168568.68073 0.925874488454 163075.96363
7.180282 0.83981389724 168601.612493 0.988748047223 165459.891114 0.927833138488 167447.84701
7.190281 0.84302815714 162069.830264 0.989021857383 169875.283966 0.927704025308 159994.629087
7.20028 0.84061869536 165451.732541 0.989393699541 167658.085439 0.928962256264 164217.122055
7.210279 0.84283631276 170070.630558 0.989589518268 164730.251182 0.929834675395 161561.602741
7.220278 0.842481275854 164581.646042 0.990216659405 164340.468082 0.929670431832 164579.837802
7.230277 0.843554400823 168125.425143 0.98975602514 168280.231675 0.930241211546 162046.412076
7.240276 0.844987113947 167934.855288 0.989334969034 167425.121209 0.929817383866 159277.810647
7.250275 0.845694568949 169041.117864 0.989697251611 167638.451571 0.930977340012 166934.881409
7.260274 0.847701880203 165669.0903 0.990167635381 166309.962807 0.929748224181 166542.87374
7.270273 0.847321194045 168041.227614 0.990049997525 168119.494876 0.930682748865 157872.422432
7.280272 0.847084335716 163577.254036 0.990638466492 166611.080701 0.929973030782 165364.649146
7.290271 0.849069419916 168698.924411 0.990393186095 170978.48534 0.928979516002 167129.91317
7.30027 0.849805394565 159799.567803 0.990138223296 170278.316259 0.93073472199 163388.002409
7.310269 0.848457080799 164561.628454 0.990707166776 170878.805027 0.930483572313 160525.524158
7.320268 0.849487758881 168147.195505 0.990501094504 171601.060135 0.931905653872 161781.706955
7.330267 0.849783730041 167346.43068 0.991207985172 174658.162866 0.931272117713 168082.440185
7.340266 0.851679938679 168909.189097 0.990687537151 170093.804354 0.932183640177 165111.877431
7.350265 0.851404391544 166269.285185 0.99087405 167007.931705 0.931393551031 162224.974338
7.360264 0.853169524785 169174.958758 0.991394694056 169307.644893 0.931758041072 167172.945295
7.370263 0.852449513678 165889.185038 0.990932963385 170286.335573 0.932748810745 164599.601442
7.380262 0.8537522411 167529.711002 0.990667908304 166749.187087 0.93334080006 161616.697178
7.390261 0.854167912328 167013.78381 0.99087405 170547.444454 0.932374851985 165298.566137
7.40026 0.853074908508 168748.742724 0.991070455199 163635.583361 0.934736684676 160004.577768
7.410259 0.856736519251 166269.812482 0.991807668657 165221.015346 0.931254772681 164149.704325
7.420258 0.857257974642 161760.74258 0.991758486973 172087.141829 0.933288535484 164103.141952
7.430257 0.856149723464 167407.14546 0.991414351714 169295.207404 0.935077564684 161054.511887
7.440256 0.856501704438 163830.208585 0.991807668657 167510.107188 0.934701736676 158370.405835
7.450255 0.858472262761 163357.584633 0.991945403325 165453.625259 0.935103796521 165602.69841
7.460254 0.857905167163 168309.606235 0.991522482772 171333.148151 0.934291293339 164966.995226
7.470253 0.857919887441 166141.119403 0.991984763114 168696.617464 0.936592675845 159353.877121
7.480252 0.857883087693 170017.134247 0.99215207707 165743.460049 0.936285754412 164638.044333
7.490251 0.861645570711 167660.833207 0.991925724602 165950.553959 0.935917714115 163792.141984
7.50025 0.858877790279 164073.805172 0.992516426147 165977.872804 0.936575132057 166869.994064
7.510249 0.861838646569 170291.935714 0.992417927037 170860.984885 0.936566360409 165859.206259
7.520248 0.861230008698 168991.126796 0.992220987458 171366.398849 0.936329588015 163170.744991
7.530247 0.862917004642 163929.072398 0.99200444418 169227.380087 0.936864688633 166513.451517
7.540246 0.863572773278 167939.965614 0.992506575356 169184.375822 0.936461113452 163016.195111
7.550245 0.864012994755 168313.05082 0.992605092064 166996.428192 0.936461113452 161823.77688
7.560244 0.865441201925 168436.946942 0.992841611978 166766.491351 0.937936726788 165268.474821
7.570243 0.864117519983 169315.36799 0.992358836955 168146.656233 0.937409188485 166298.621177
7.580242 0.867445632845 167754.8477 0.992230832581 166078.491543 0.938042305708 164872.838166
7.590241 0.865036937077 168887.220988 0.992881042922 163244.540033 0.936829581331 164309.630299
7.60024 0.86792747598 171385.164939 0.992545979693 164145.143257 0.93919642354 159332.08455
7.610239 0.867558516822 162167.08185 0.992595239513 164518.058608 0.939169961588 163722.899754
7.620238 0.867852152707 166297.764024 0.993245927692 168333.180825 0.938059904506 163896.019147
7.630237 0.868424937691 164313.428065 0.993216332449 169940.533228 0.940645282664 162515.435716
7.640236 0.869973726793 168400.631155 0.992752903802 170593.156676 0.939108222832 167240.002313
7.650235 0.869769424126 170096.080693 0.993157147255 168692.953618 0.939372874669 161309.333803
7.660234 0.869686217213 163851.392792 0.993167010965 165556.353761 0.939990976087 161528.190865
7.670233 0.869860213464 166144.409986 0.993620953479 164266.193773 0.940353384802 159717.905463
7.680232 0.872417643774 170131.682275 0.993433405192 166673.647325 0.940273807733 163002.891012
7.690231 0.873568439719 167981.397629 0.993384062146 165959.418464 0.941017051229 164955.511648
7.70023 0.871907996268 166288.335921 0.993512364261 171173.654391 0.940910801656 166098.35367
7.710229 0.87448514687 169241.719701 0.993699942365 168094.632743 0.941451152807 164906.545969
7.720228 0.873950167361 165951.144897 0.993541977149 167458.744214 0.942622564499 163851.968874
7.730227 0.876040297854 165384.406099 0.994016023538 165646.059695 0.94163731897 164236.734361
7.740226 0.875342477744 164868.755272 0.993709816859 168755.871727 0.94319157164 160981.879913
7.750225 0.875334815567 167981.935841 0.993838203141 170923.789571 0.942978113478 161646.47003
7.760224 0.87737769355 168375.14507 0.993680193966 167112.26708 0.943253848476 164153.173476
7.770223 0.874362808104 168765.853344 0.994807106902 165526.691119 0.943654396014 164834.544679
7.780222 0.877932293861 167829.154781 0.994213676403 163066.7071 0.94341402668 166301.918003
7.790221 0.877947709434 167265.746227 0.994134605826 166851.075324 0.943289438931 164842.448138
7.80022 0.878896808726 164402.822789 0.994045666458 163157.161785 0.944501114511 164032.289414
7.810219 0.879306403109 166688.882292 0.994411407888 170754.767678 0.943716733985 161255.998604
7.820218 0.879925382328 167841.243456 0.994342192922 162656.861943 0.944652792866 159376.039014
7.830217 0.881422262964 166820.747911 0.9943916312 167466.901332 0.945090256119 163451.292395
7.840216 0.879623521133 164275.136602 0.994510303127 165292.573053 0.944349484857 157371.538002
7.850215 0.882363321921 158818.662604 0.994500412718 165177.616078 0.945340417084 155158.058127
7.860214 0.881235845149 164004.324646 0.994826900119 166712.800183 0.945233189028 163145.992244
7.870213 0.882596953275 167604.421495 0.994154372291 164594.950747 0.946763489013 163762.08507
7.880212 0.881904207565 168591.175933 0.994826900119 166278.447451 0.946378210588 165647.95686
7.890211 0.883072385443 169461.96695 0.994826900119 169967.735216 0.946539451764 166768.944736
7.90021 0.883111378007 169679.905109 0.994450963623 168837.116999 0.946172260122 162193.106403
7.910209 0.884838295801 165941.230835 0.994826900119 164795.945229 0.946037992886 161676.814743
7.920208 0.885088907181 166454.968543 0.99466857643 170420.148264 0.948433661808 165140.54631
7.930207 0.884940089556 170919.122891 0.99476752283 166124.273655 0.94736443215 162776.54775
7.940206 0.885449409848 166571.446386 0.995213025348 164753.869118 0.947804411082 164241.943663
7.950205 0.887571338546 162675.409287 0.995213025348 163172.58588 0.947741531929 161186.591662
7.960204 0.887957520112 162306.834426 0.995213025348 162859.85089 0.947840345772 162312.361702
7.970203 0.888399282173 162683.927341 0.99564901381 168003.669056 0.948361705154 158430.645534
7.980202 0.890242056815 168384.473299 0.995262550261 160036.324163 0.948002085605 157938.706601
7.990201 0.890202432033 169326.783061 0.995005074526 167627.463973 0.949054741477 164088.568543
8.0002 0.890567113138 169160.630455 0.995520159283 167473.053127 0.948775605082 166474.920827
8.010199 0.890995598482 169081.186546 0.995569714769 166940.994178 0.949081763394 159800.541926
8.020198 0.892665857316 169058.832966 0.995579626459 165948.649856 0.948793608926 163249.305346
8.030197 0.892482618901 169077.165192 0.995391338105 165506.508306 0.948874634683 165163.436552
8.040196 0.892410937388 165912.348933 0.995777901697 166663.315628 0.949216896061 161398.345652
8.050195 0.892259647557 166166.789414 0.995678754207 164132.23231 0.950218075048 163976.36941
8.060194 0.893694981903 164472.060991 0.995787817532 165149.259461 0.951212320102 163353.57644
8.070193 0.892506515298 160256.697797 0.995520159283 154480.929765 0.951094710011 162584.164349
8.080192 0.894814549685 166369.46576 0.995728325484 171085.190497 0.95155627028 162252.586608
8.090191 0.895479618884 170679.653766 0.995857233907 170232.496221 0.951040438239 157809.875082
8.10019 0.89363907705 163746.996823 0.996055619746 167593.438357 0.951728338663 161153.64429
8.110189 0.896073406333 169010.533985 0.995678754207 167173.478339 0.951701165834 162843.663942
8.120188 0.897400231529 167622.372648 0.996134996215 161663.728357 0.952480736077 165839.925856
8.130187 0.896499170738 164070.531915 0.996244159519 164032.802618 0.951520053285 164770.438067
8.140186 0.899701299169 169171.478804 0.996125073464 168101.706586 0.952326533722 167799.612017
8.150185 0.899871318401 169103.13697 0.996174689193 164772.897805 0.951520053285 165409.777557
8.160184 0.898706760971 162783.181067 0.996512207275 168754.445879 0.954016409082 165214.962806
8.170183 0.900884668745 167373.54317 0.99591674136 169509.633746 0.95262591333 160847.482846
8.180182 0.901209423046 168785.820121 0.996512207275 161241.430585 0.954225788906 164254.035661
8.190181 0.902706313528 164234.354914 0.996502277008 162153.665223 0.953543367152 160632.495353
8.20018 0.900616922592 165046.126144 0.996422841997 165796.790717 0.954125639264 163951.371654
8.210179 0.903089469074 164703.988226 0.996134996215 170417.240067 0.955064228069 163568.705967
8.220178 0.901957247226 161324.410491 0.996601588583 165683.029544 0.955128082676 163989.57643
8.230177 0.903481112727 169770.082236 0.99591674136 163227.704824 0.954207578317 149870.007732
8.240176 0.902543367209 160213.051872 0.996502277008 161262.260561 0.955365331703 161379.09488
8.250175 0.903709728435 163215.191844 0.996700919955 166582.560618 0.955977247742 166023.336582
8.260174 0.90469900664 166845.765571 0.996492346939 163809.861545 0.956068645729 163663.997272
8.270173 0.904887296287 164487.476681 0.996999032911 167213.999669 0.956690615822 166757.606721
8.280172 0.906462168801 168694.921219 0.996631385916 161614.081677 0.956809614023 164839.14414
8.290171 0.908421980178 158381.469276 0.996700919955 163298.881091 0.958010403993 159115.029476
8.30017 0.906980118996 163860.866657 0.996969213591 165656.985348 0.957689287288 166261.837468
8.310169 0.908471496707 170360.065686 0.996601588583 164689.566569 0.957680115688 164542.97128
8.320168 0.908100254268 163743.033422 0.997138213328 166118.746888 0.958331736114 166278.381532
8.330167 0.909429878409 166652.786563 0.997008973081 157108.21964 0.958625714176 159771.74942
8.340166 0.909777377476 164439.304183 0.99680027113 159582.81668 0.958047116757 156802.507462
8.350165 0.909951226614 162982.178953 0.996879766331 170584.13715 0.957753493406 160443.118354
8.360164 0.909479504879 165330.493145 0.997347056829 164410.684901 0.957753493406 159224.7826
8.370163 0.911543790564 171863.26183 0.997267487085 166157.376156 0.958047116757 160117.823517
8.380162 0.912425409223 170924.416458 0.997217762443 167740.75893 0.959030228633 167035.533298
8.390161 0.912300548293 166561.458074 0.997108385682 161241.182642 0.959389061046 159613.606283
8.40016 0.911976069748 171477.164201 0.997217762443 167935.99836 0.958680855143 164861.432492
8.410159 0.915222902538 162187.587246 0.997347056829 160121.919003 0.959812644572 161851.877292
8.420158 0.91327537079 166080.135579 0.997247596633 157684.21757 0.959398265408 162641.030652
8.430157 0.917161934111 163599.457672 0.997486334437 170325.820969 0.959619223092 168326.695466
8.440156 0.914202130091 168677.078792 0.997327163203 169227.994592 0.960550203156 161198.795516
8.450155 0.91631312252 164166.666014 0.997436587969 163133.999383 0.960836311926 164089.659854
8.460154 0.915952223932 166458.271571 0.997645556487 166506.510711 0.961362827945 168332.30257
8.470153 0.917961757713 162840.502804 0.997446536866 168939.736306 0.960771691823 166867.471318
8.480152 0.917599559552 167531.919228 0.997735141229 162604.271057 0.962158313529 162990.159123
8.490151 0.918290510386 168509.828626 0.997625650951 165705.546704 0.961261174661 167134.108826
8.50015 0.917683766174 169896.959332 0.997635603619 167581.653177 0.961871417029 163066.199923
8.510149 0.918273645546 165708.296311 0.997804829375 165194.790873 0.960993282657 156634.74074
8.520148 0.920420448061 164822.302291 0.997814785619 167874.496293 0.961991707631 160119.657291
8.530147 0.921039300747 165572.496273 0.997665462817 164674.371591 0.963548943469 163531.207088
8.540146 0.921217481023 167164.816788 0.997735141229 167701.926433 0.963957624423 165407.62492
8.550145 0.921421200059 170300.302044 0.997894442726 165043.723186 0.963688227585 166425.379261
8.560144 0.922015895554 160082.989801 0.997874527257 170225.518259 0.962658477652 163621.156703
8.570143 0.923088284163 168005.418723 0.99792431742 170469.879944 0.963808973062 164306.669451
8.580142 0.921803416203 167321.462908 0.99779487333 168599.037118 0.964245766961 164726.757596
8.590141 0.924060692306 168116.395131 0.997536085868 165634.219745 0.964487567755 147808.963185
8.60014 0.924693001923 162572.064903 0.997864569821 160407.100081 0.964441058185 160968.102687
8.610139 0.924180252116 162081.667164 0.997874527257 165153.29123 0.96425506475 156633.278387
8.620138 0.925548850468 170303.828594 0.998003992016 158555.218315 0.964543385161 147946.291699
8.630137 0.924761411556 171456.906077 0.99792431742 167074.323964 0.965400061786 165655.87309
8.640136 0.925377554042 172674.314725 0.998043834085 164044.41472 0.96552123664 159624.297365
8.650135 0.928565459222 167596.786722 0.99822316277 166811.791156 0.965959584251 163401.114818
8.660134 0.927385699713 166779.820071 0.998352718015 166094.472948 0.966108899795 165415.583432
8.670133 0.927222320096 163011.126627 0.99822316277 163075.710012 0.966902913278 149014.828992
8.680132 0.92878969415 163305.874964 0.998203234178 165375.92894 0.96677204482 163246.636736
8.690131 0.929782802737 166392.433938 0.998133490373 165578.575038 0.966519755664 156780.117805
8.70013 0.93099467471 163348.550572 0.998302885095 165193.684812 0.966809432193 163827.840902
8.710129 0.929532166461 165840.253716 0.998352718015 158832.735955 0.96627693497 163074.12492
8.720128 0.932540052595 162995.416329 0.99833278425 159727.576449 0.968082325721 159584.334626
8.730127 0.930726059399 164982.763422 0.998402555911 161749.264391 0.96723959492 158925.116609
8.740126 0.933088242155 161610.719015 0.998452398782 165229.47663 0.967951137827 158867.328503
8.750125 0.933027300379 158766.24028 0.998272987731 161803.425787 0.967885557212 162291.573561
8.760124 0.93327982529 164623.95729 0.998412524087 165273.424155 0.968504242049 162828.491601
8.770123 0.933114362496 166988.449807 0.998412524087 163072.286252 0.969725179884 159489.124231
8.780122 0.932270544912 159211.062735 0.998562070618 162403.050199 0.96902041726 162840.186697
8.790121 0.933654510485 163530.952052 0.998542128492 167276.35289 0.969170680649 159650.545186
8.80012 0.936110461034 160025.089383 0.998392587933 165023.268404 0.97051573206 155418.733085
8.810119 0.935987794719 159334.62671 0.99857204198 165348.807872 0.969819225696 159857.305109
8.820118 0.937628923977 165843.20452 0.998382620155 160428.451381 0.970120294917 161394.433027
8.830117 0.936557588926 163410.154695 0.99867176655 161987.645958 0.971288705855 159889.724494
8.840116 0.9388789785 163264.746868 0.998661793197 162020.684918 0.970280313983 162112.676764
8.850115 0.937936726788 162689.16481 0.998731610854 164078.87577 0.97136418386 153985.69733
8.860114 0.93895831964 162258.361271 0.998701687806 164891.570225 0.971175510838 158253.885127
8.870113 0.939046492192 164414.165092 0.998761535696 166120.391721 0.970779535967 160605.370202
8.880112 0.940760322493 164480.961748 0.998582013541 164736.462366 0.972412653033 146827.560833
8.890111 0.940459508516 168036.111123 0.998751560549 165383.036653 0.972469391526 166379.629057
8.90011 0.94049488841 169757.095769 0.998801438274 166936.276675 0.971345313259 165162.591061
8.910109 0.940601044067 168507.933039 0.998841344041 168629.201051 0.972081810405 163033.2402
8.920108 0.942782528354 167925.845734 0.998771511041 169312.770764 0.97190230438 163667.76525
8.930107 0.942418245217 163469.256834 0.998881252997 167702.798123 0.972819425258 159622.778658
8.940106 0.943075936474 162010.483953 0.998991019071 161789.507588 0.972762645914 160498.189456
8.950105 0.942276162298 167076.253987 0.998851320981 164527.222496 0.973842588084 159630.67625
8.960104 0.943547550079 170849.918777 0.9988313673 166351.979877 0.973624511971 163150.815267
8.970103 0.944724187773 168300.826556 0.999010979131 168925.719956 0.973908978467 162906.53284
8.980102 0.946718673079 171554.244883 0.998991019071 167943.058857 0.974089226573 165052.750877
8.990101 0.945930606531 167318.058788 0.998951101344 162397.768257 0.974070249946 167207.266969
9.0001 0.945984296661 165498.475741 0.999150721886 170969.634097 0.973984864275 168977.169995
9.010099 0.94691589493 170286.68125 0.999070864096 166441.163305 0.97392794881 165019.50268
9.020098 0.946871064567 160901.597429 0.999000999001 151871.131079 0.974658869396 156084.142383
9.030097 0.948127921419 160682.587162 0.999190655569 164929.95507 0.975362347112 165054.374667
9.040096 0.948118932039 159433.167602 0.998931143676 166490.185571 0.975666868304 160967.361378
9.050095 0.94960448973 169310.173617 0.999130756242 161623.17402 0.976085895559 162119.757387
9.060094 0.950028500855 166157.705272 0.999070864096 163899.477584 0.97600015616 160228.169157
9.070093 0.950317406014 166210.183183 0.999200639488 164925.869347 0.977163684689 159006.572857
9.080092 0.95028128326 164313.428065 0.999190655569 162707.971996 0.976324139614 164672.496661
9.090091 0.950850535804 168928.101211 0.999170688329 167702.462856 0.977192330995 165907.098759
9.10009 0.952843762208 172181.027387 0.999180671849 167761.55747 0.977383349297 162789.562196
9.110089 0.950913828189 168969.75 0.999240577161 164483.154836 0.977918598056 165596.094837
9.120088 0.953252497522 163929.328677 0.999320462086 168118.079761 0.978014239887 167220.732911
9.130087 0.95243537726 169514.840365 0.999220607926 164072.9708 0.977708251858 151838.198694
9.140086 0.954407933039 165860.845956 0.999270532511 171455.714572 0.97947030246 166620.611629
9.150085 0.953852610695 166888.053846 0.999320462086 164532.708411 0.978464007201 159060.179474
9.160084 0.954608371915 167553.60308 0.999240577161 167970.970441 0.97797598091 159345.764745
9.170083 0.955812775394 169112.614225 0.999320462086 169031.71674 0.978483155412 161656.936734
9.180082 0.9562606384 168950.624395 0.999330448599 165092.250516 0.979796594227 160003.540117
9.190081 0.955639227079 163015.941679 0.999570184821 168869.60982 0.979643018084 162811.299698
9.20008 0.957011063048 169243.085505 0.999430324715 167265.47941 0.979489490078 160655.260485
9.210079 0.958441956755 168053.952868 0.999300489657 159150.288605 0.979892603771 161053.398733
9.220078 0.958285818328 171277.455901 0.999320462086 169586.052417 0.980680592331 167305.778412
9.230077 0.959785008158 171630.481885 0.99937039665 170009.071357 0.980267220844 165529.761428
9.240076 0.959113012286 167049.769975 0.999500249875 162945.265004 0.980911462931 164757.946324
9.250075 0.960227381844 170682.015269 0.999420336205 169899.849799 0.981209831723 160280.030265
9.260074 0.960006144039 169226.765586 0.999410347895 165593.871971 0.980363322647 162490.944324
9.270073 0.961899173729 167924.433877 0.999580176326 162910.519124 0.981537283694 166519.004579
9.280072 0.961002517827 164487.476681 0.999470280751 163923.690728 0.981094312596 163555.247758
9.290071 0.962223120297 163152.40185 0.999490259967 164175.276698 0.981980654981 161467.935116
9.30007 0.963298333494 159697.472516 0.999590168031 167438.822792 0.982376171484 165957.711152
9.310069 0.962102771818 168033.081769 0.999560193515 168339.39643 0.98271405969 162999.660345
9.320068 0.963957624423 167202.801022 0.999450302334 167233.867627 0.98305218041 155016.932728
9.330067 0.964329453514 167144.43237 0.999490259967 165946.15489 0.983158494981 163109.004061
9.340066 0.964524778642 166109.667999 0.99969009607 163978.29263 0.982800982801 163556.905996
9.350065 0.964664345041 153988.976305 0.999600159936 164324.50052 0.983226161682 166997.625015
9.360064 0.965316189318 165242.300381 0.999590168031 164622.600409 0.983448560723 161570.440222
9.370063 0.965959584251 164957.976914 0.999540211503 168046.277087 0.983738797674 154487.131794
9.380062 0.967735692028 167176.276879 0.999700089973 160316.297872 0.983845260817 162042.217554
9.390061 0.968354185227 167901.309687 0.99969009607 164051.408436 0.98424228108 161321.059873
9.40006 0.968691878487 162659.258981 0.99973007288 160004.08946 0.984688100044 162395.630426
9.410059 0.967876189278 163318.910601 0.99969009607 166400.421485 0.985483823283 166920.132874
9.420058 0.96902041726 157804.828312 0.999720078378 161386.111565 0.985124618264 161801.865332
9.430057 0.969330386569 165335.1855 0.999640129553 165141.586638 0.985347877068 159436.985711
9.440056 0.970741840915 164950.840819 0.999680102367 162829.313364 0.985794698396 161487.20709
9.450055 0.971279271929 167666.530086 0.999780048389 165058.141983 0.986368388866 159980.837256
9.460054 0.972478848585 160575.487788 0.999660115561 160989.665397 0.986105769705 164956.614521
9.470053 0.972081810405 165555.765632 0.999710084076 165243.341991 0.986348930798 156227.276706
9.480052 0.972176313896 169132.935949 0.999680102367 162717.503472 0.986572744941 164170.714208
9.490051 0.972649107108 165534.726424 0.999700089973 165975.705356 0.987654320988 160027.348424
9.50005 0.97358659566 163544.342493 0.999660115561 164421.770468 0.987878728007 159100.121498
9.510049 0.973690872622 162938.871662 0.999740067582 163968.612881 0.98656301178 160854.515067
9.520048 0.974136671375 164757.687447 0.99969009607 161655.316799 0.988015373519 165057.29757
9.530047 0.97549555174 167126.583434 0.999810036093 150494.543623 0.988405997648 150219.170144
9.540046 0.975286246513 156671.308443 0.999760057586 162059.310027 0.988757823546 161992.650995
9.550045 0.976266950435 170348.99518 0.999760057586 168488.911831 0.988445077049 156223.901716
9.560044 0.977173233271 169208.742221 0.99973007288 161948.804874 0.988425536962 160404.216864
9.570043 0.976591111068 164619.628271 0.999740067582 164344.460457 0.9890609855 165314.658414
9.580042 0.977660458523 161951.181088 0.999840025596 164913.937599 0.989667867464 151057.143289
9.590041 0.978732150372 161299.222213 0.999880014398 165661.892548 0.989423067409 161778.524512
9.60004 0.978780048547 169494.358276 0.999870016898 169267.742062 0.989863794742 167258.475769
9.610039 0.979873400357 169438.691191 0.999700089973 168960.28875 0.989932387618 157356.423609
9.620038 0.97990220576 170774.929745 0.999810036093 159124.144637 0.990334336872 162626.463542
9.630037 0.980199960792 167081.844651 0.999840025596 163807.174578 0.990687537151 164784.873892
9.640036 0.981267601488 167731.77019 0.99969009607 166346.174058 0.990815143619 164492.895434
9.650035 0.98069020977 156258.531381 0.999760057586 164268.381138 0.990707166776 164011.314944
9.660034 0.981816753721 164280.734408 0.999860019597 169035.122824 0.991551977155 167411.956435
9.670033 0.98190351816 169755.927772 0.999880014398 162048.853763 0.991335725757 156671.074355
9.680032 0.983516267359 169555.339595 0.999860019597 165584.588879 0.991935563866 162647.085284
9.690031 0.98321649444 166565.294502 0.999860019597 164820.942138 0.992644504224 165073.732706
9.70003 0.983942065491 161954.307792 0.999830028895 162906.785931 0.992427776069 157543.372934
9.710029 0.983729120349 162805.738389 0.999860019597 163822.657836 0.992526277133 159120.160398
9.720028 0.984814165567 164991.979154 0.999830028895 169855.127398 0.992969774 166462.763899
9.730027 0.985959930588 166518.740139 0.999860019597 149861.440023 0.992752903802 143741.757895
9.740026 0.986271106202 161725.938744 0.999860019597 163758.63243 0.993640699523 163534.140054
9.750025 0.986670087123 170407.131391 0.999870016898 160440.479328 0.993541977149 165533.877127
9.760024 0.987332523721 168041.76621 0.999880014398 167932.031294 0.993690068068 168406.310804
9.770023 0.987976328087 170148.729393 0.999850022497 162903.369261 0.994609218038 167420.309478
9.780022 0.988181351042 165322.607982 0.999850022497 167113.13265 0.994856591422 163444.859284
9.790021 0.98855256134 168315.009569 0.999920006399 167843.258404 0.994500412718 155228.918302
9.80002 0.989726637503 161841.635123 0.999820032394 165169.355233 0.995272455835 162671.4345
9.810019 0.990089207038 159759.456415 0.999900009999 162247.063402 0.995222929936 161438.97364
9.820018 0.989472017731 163860.03445 0.999890012099 164122.213275 0.995599450429 164127.607988
9.830017 0.99106063309 168222.997634 0.999900009999 162911.847929 0.995678754207 160247.452426
9.840016 0.991266938274 162984.332256 0.999850022497 165878.491145 0.996045698577 160342.222112
9.850015 0.991876531209 167751.761386 0.999890012099 164699.590323 0.995877068935 165630.687712
9.860014 0.992339141825 162337.930252 0.999860019597 162800.935746 0.996254084642 162147.584586
9.870013 0.993226197334 163407.480824 0.999740067582 166217.889756 0.996244159519 163695.295916
9.880012 0.993295257015 164072.64989 0.999860019597 165521.530644 0.99680027113 163870.725761
9.890011 0.993927105386 166701.668565 0.999850022497 165882.033755 0.996830080345 165176.250054
9.90001 0.994727941908 165177.030636 0.999770052888 167097.753467 0.997317216687 148530.350193
9.910009 0.994906080866 155575.882071 0.999820032394 151269.013198 0.997426639271 137895.862964
9.920008 0.995520159283 148328.804929 0.99973007288 143090.189753 0.998013952235 143764.076736
9.930007 0.996154842309 169268.015305 0.999610152041 151955.148584 0.997904400758 165177.095685
9.940006 0.996422841997 165921.078084 0.999720078378 165707.5107 0.998312851281 158200.581837
9.950005 0.996810207337 155773.199667 0.999610152041 150560.234446 0.998442429809 165383.884402
9.960004 0.997565939109 166488.269064 0.999610152041 161998.657447 0.998422492462 142836.311031
9.970003 0.997964153128 148166.370932 0.999450302334 139257.559338 0.998582013541 142455.242272
9.980002 0.998143453177 144944.302087 0.999080845622 147492.631178 0.998641847088 147311.634598
9.990001 0.997715232118 147170.058923 0.998163379382 147513.536041 0.997735141229 150731.375117
9.9950005 0.99591674136 153688.682422 0.996551930321 145901.67413 0.996025856831 142323.229478
