# energy, two eff, two rate, three-lin eff, three-lin rate, three-inv eff, three-inv rate
0.001 0.347801892042 128771.220459 0.523966214658 134209.825725 0.524350853643 120811.02855
0.001099 0.351571701291 123367.978182 0.529950131693 127089.18384 0.528977380927 126553.601402
0.001198 0.35578325684 132270.744961 0.533877176217 134766.886892 0.536636149958 132049.78741
0.001297 0.361159466351 133561.630531 0.543487122073 138010.385894 0.540485031267 134087.630817
0.001396 0.363841437901 132762.271153 0.548483169794 137437.413821 0.548356848703 135294.01898
0.001495 0.368069255911 135834.880284 0.555926173004 140686.752488 0.55292914213 136207.66754
0.001594 0.372939509212 136174.677956 0.561249116033 138960.850933 0.559446818985 135140.967847
0.001693 0.377921807978 137151.228189 0.568362660847 141715.546089 0.567501461316 138468.694775
0.001792 0.383431172187 137965.670287 0.576392131095 142047.235241 0.574286879268 137815.07635
0.001891 0.387754706373 139234.630195 0.584197458741 142420.317974 0.58303938431 128743.354574
0.00199 0.391894063197 131634.036199 0.591463991672 141514.964106 0.58937243623 142587.839505
0.002089 0.399624353108 141313.758832 0.598859770996 146869.668744 0.598168408334 141059.639621
0.002188 0.403453562495 143579.575797 0.607238280301 144757.011181 0.604763114288 144470.262432
0.002287 0.407418271895 143981.46845 0.615687723187 147365.876556 0.614028085645 144408.285694
0.002386 0.412682560448 143561.638209 0.625062506251 148226.534797 0.624925790062 147093.827417
0.002485 0.419341717372 145061.906233 0.631197571152 149395.976788 0.630707906554 147756.320493
0.002584 0.425323777726 147041.280407 0.641338087786 147751.740114 0.637641237534 146829.308422
0.002683 0.432010230002 147610.82415 0.651393656729 152056.786955 0.647219867061 148617.082568
0.002782 0.435680489356 148303.263496 0.658410202725 153301.817485 0.655948468688 149555.519978
0.002881 0.442243056784 149429.295567 0.666191450099 155163.396227 0.663622849862 150920.823765
0.00298 0.446600033942 149250.421493 0.673818123012 154240.516128 0.670614349806 151313.161631
0.003079 0.449909343267 148626.614567 0.68191891984 155214.442408 0.67932936605 153584.345346
0.003178 0.456858821487 151077.275072 0.690693594508 155364.387166 0.68649257215 152339.166525
0.003277 0.463093744067 153165.16574 0.698060787133 154520.824906 0.695860326915 152515.4868
0.003376 0.465746661761 153401.058003 0.705721282437 158790.403152 0.703789201058 153498.067689
0.003475 0.472920568261 155440.965992 0.714525590734 158074.539897 0.711278024354 155487.410659
0.003574 0.475796245016 153980.7226 0.721610056358 157006.594623 0.71882457805 155315.197753
0.003673 0.482360091455 155647.586561 0.729176540932 159409.051072 0.723746109865 156036.8762
0.003772 0.488333707723 153470.995938 0.73732718894 159479.724653 0.732649039131 156169.747265
0.003871 0.49248710915 157534.911323 0.742241718438 160717.990259 0.739814602461 159107.726028
0.00397 0.497430770073 156641.409417 0.750423989554 160660.922006 0.748525404952 159072.244436
0.004069 0.501293336809 157187.941403 0.758299589002 160732.648628 0.753801041753 158721.05982
0.004168 0.505300603329 157930.678202 0.764222174671 161371.768374 0.758334091667 157225.298318
0.004267 0.507320636789 161743.962517 0.767654125757 164246.767385 0.763020952555 162164.197715
0.004366 0.511532500217 162240.975758 0.776747293036 164956.030645 0.772899067111 162925.073882
0.004465 0.518137399676 163723.986207 0.783993978926 167370.47087 0.776409571577 163201.601236
0.004564 0.520434875382 158380.931019 0.786899693896 163439.573046 0.781891395285 165240.933288
0.004663 0.522165944337 162371.426558 0.794186554422 166282.864155 0.787773751379 163459.318571
0.004762 0.528530052219 163230.881013 0.802252725654 164367.967891 0.79493151665 155025.985484
0.004861 0.529711519107 160566.451471 0.806100569107 166930.164252 0.800614872222 163718.873615
0.00496 0.533731853117 164192.050847 0.809998623002 169213.657304 0.802722835859 166558.349373
0.005059 0.537492811034 165884.526793 0.815095569956 168362.911785 0.808950225293 165355.913253
0.005158 0.539269613236 166461.046216 0.820452233271 171449.266713 0.814186383547 166514.839748
0.005257 0.543835892081 164241.10758 0.824130542278 166787.048974 0.81892033543 167677.790939
0.005356 0.546974139063 165606.229249 0.829001798934 170268.085816 0.823187546819 167327.069994
0.005455 0.548416994346 162228.111622 0.834961508274 166652.521698 0.828246519294 167395.119233
0.005554 0.551751535249 163369.610391 0.837633183676 169339.430295 0.832743473373 171646.987761
0.005653 0.553507577519 169767.127468 0.841679993267 170770.827421 0.833201409777 167899.024503
0.005752 0.557168248096 168968.592812 0.844979973975 171459.499411 0.83927117691 167281.15635
0.005851 0.559525075116 165216.91519 0.848341915726 170851.380256 0.84515136661 165019.242981
0.00595 0.563510444666 168232.309012 0.854408749146 173334.534547 0.848090101092 166793.416234
0.006049 0.563266041817 168173.219494 0.858405940169 174594.692023 0.851505888163 171780.274796
0.006148 0.566764905917 170468.147852 0.861511953478 170909.163514 0.853366102592 170302.307319
0.006247 0.567984959758 167278.354298 0.864184728127 169387.849059 0.853847007693 169015.982418
0.006346 0.570623177572 168119.225329 0.867505833977 170246.384759 0.858914675416 170632.437422
0.006445 0.572944418662 167655.270745 0.871110491655 166815.10836 0.861534220139 165649.592383
0.006544 0.57583452819 163128.669789 0.873621861513 172032.0168 0.865793369754 170231.8744
0.006643 0.575168812046 167914.282649 0.875695082972 170454.430925 0.869043791117 170736.695389
0.006742 0.58033253054 163440.400988 0.879755076187 171045.143021 0.868817279038 169562.194171
0.006841 0.579780726929 166818.425697 0.881507730823 174339.964893 0.872463312918 169952.996856
0.00694 0.582455281996 169736.898548 0.885214266113 171428.66485 0.877654906091 169722.818295
0.007039 0.58432376211 167488.501474 0.885355337365 172576.553179 0.87806334349 172221.679307
0.007138 0.58652058394 170766.725295 0.889553088528 175475.536032 0.881259143064 172613.484935
0.007237 0.588211073662 168470.368596 0.893136247935 173879.503688 0.880692576642 146522.935081
0.007336 0.589160622861 163899.221398 0.893591164171 173671.14353 0.885159417211 170650.487645
0.007435 0.587582041142 171500.091795 0.897480771474 174683.476824 0.886713485139 171228.160704
0.007534 0.590283926569 170681.390159 0.899693204617 173346.283079 0.889980598423 169421.443872
0.007633 0.592045279623 169459.912949 0.902706313528 175114.79333 0.89247465372 171002.116375
0.007732 0.594300656702 169563.085307 0.903187348152 176015.45668 0.893088388958 170490.806399
0.007831 0.597453652533 167757.59864 0.90527230591 173839.002102 0.896917295256 170732.942394
0.00793 0.596142955081 165886.429425 0.907663402104 172995.446103 0.898270828655 171269.83252
0.008029 0.59761789507 173508.417692 0.908694387903 177001.439879 0.899288662668 171386.985749
0.008128 0.598472697676 169345.993929 0.912425409223 173720.560455 0.89953134417 172540.205042
0.008227 0.598218505291 174385.195379 0.913909705721 176180.701085 0.902453771806 171425.722131
0.008326 0.599754100819 172919.132565 0.913976529083 175349.94285 0.902918231725 172314.012748
0.008425 0.599092973239 172186.045977 0.916329915423 176094.82401 0.905624835855 172461.38506
0.008524 0.6019237483 176033.112308 0.918627937313 178300.823636 0.90631429167 175248.030692
0.008623 0.603005378808 175727.483772 0.918864283745 178463.402762 0.909769100602 174392.228508
0.008722 0.604858221233 174100.793483 0.922007394499 177400.913925 0.910274265636 174287.660173
0.008821 0.602529418499 174776.284652 0.92386433976 180964.704085 0.909388527154 173700.344311
0.00892 0.606681995498 175880.755285 0.924992368813 180845.557705 0.912733545696 175627.779839
0.009019 0.608087564609 175536.269635 0.924299842869 177835.968597 0.914536558599 175356.394191
0.009118 0.60674457267 177595.913473 0.928358569214 181038.752175 0.915910277429 175414.257544
0.009217 0.609050490286 175873.011613 0.928444762179 180725.010675 0.916203983655 174777.158606
0.009316 0.611325414631 175242.173063 0.930293135367 180877.923151 0.916413889169 177169.215173
0.009415 0.608091262337 175914.761761 0.930778037361 179011.275527 0.918467628608 175606.455686
0.009514 0.611643240731 176970.148051 0.931072688845 181416.102215 0.918779860345 175465.699235
0.009613 0.610202587259 177762.256612 0.933488914819 179971.646008 0.92082727122 178318.334252
0.009712 0.611920205605 178132.412356 0.936276988184 182198.174154 0.922049901341 177506.69834
0.009811 0.612696292575 176168.639215 0.936101698088 181813.941613 0.922092412102 178626.659012
0.00991 0.613783113599 177573.808026 0.936443574592 181032.813596 0.922969006701 177039.094355
0.010009 0.614639483211 177522.775994 0.938764398299 181946.916475 0.924077770385 177278.54468
0.010108 0.614126129224 176198.685957 0.939099403672 181014.140867 0.926200355661 179063.243508
0.010207 0.615471728306 178583.231679 0.939884958081 179916.91135 0.926449198158 177543.591116
0.010306 0.614745280293 177219.145548 0.940680676538 180946.669899 0.927351299219 179756.527702
0.010405 0.616222678227 175297.470031 0.942267283538 182783.910081 0.92866031463 178020.51629
0.010504 0.61463192767 178325.915672 0.943378426822 181908.802377 0.929342118714 177820.135717
0.010603 0.616108780166 175955.941208 0.943716733985 182184.24555 0.930284480994 179577.43705
0.010702 0.617493593504 179755.603241 0.946557370842 177676.035426 0.929419856126 165607.079288
0.010801 0.617730089015 178625.061486 0.945867975748 181913.772876 0.931801451747 178600.417556
0.0109 0.618341237795 179201.793768 0.94696969697 181212.314977 0.931072688845 177886.577323
0.010999 0.617768250419 177024.075471 0.948370699139 182469.731971 0.932496573075 170086.217
0.011098 0.619774526027 173938.48813 0.948487636464 179143.700506 0.933305956359 176141.635496
0.011197 0.621395903758 176476.39957 0.949000702261 180511.973007 0.934710473431 177156.418963
0.011296 0.618612822607 175801.94919 0.949992400061 179622.503175 0.934553236825 175832.165815
0.011395 0.619283241576 175433.700571 0.951320909082 181066.653083 0.935926473616 176145.925944
0.011494 0.62126078664 176952.602584 0.952380952381 178875.231841 0.934815327232 175482.657386
0.011593 0.62101386724 167730.361594 0.952253985183 168051.394197 0.936031600427 173455.176005
0.011692 0.622022069343 166484.10577 0.952925481227 175868.43948 0.936610220291 173634.045372
0.011791 0.621960169671 172802.937355 0.953034461726 181619.090013 0.93801590875 177873.300116
0.01189 0.623721371189 178038.274181 0.955538780541 179547.687346 0.938385601411 175489.33877
0.011989 0.623103428938 174488.35643 0.954690393905 177743.649854 0.938394407169 172001.89295
0.012088 0.62179387533 171790.335958 0.954963902364 176152.214048 0.938473666429 177611.029548
0.012187 0.621782276718 179545.151006 0.956315507612 182213.450583 0.938218323404 178671.0208
0.012286 0.62017426897 176236.592031 0.957579239682 178161.31648 0.940884243012 176621.609102
0.012385 0.623383100084 178350.408063 0.958772770853 181908.802377 0.940698374473 177426.954167
0.012484 0.624204139722 174464.332658 0.957313395686 177955.937672 0.942142998464 172854.283356
0.012583 0.628081524982 170758.313076 0.95886470419 175519.88872 0.942080868222 173444.273384
0.012682 0.6232859636 172234.762702 0.960061443932 180774.23865 0.94247153736 175437.663075
0.012781 0.626272115234 176136.975417 0.959683688256 180429.195922 0.94350303808 175415.504703
0.01288 0.624422409271 175904.285479 0.961677164976 179278.926935 0.942205136902 177375.406403
0.012979 0.625617797575 176057.200591 0.961214975729 182669.755365 0.943779080193 178592.432556
0.013078 0.624668145048 178665.921498 0.962352760028 181948.889689 0.945680133152 177214.503157
0.013177 0.624477000512 177560.878139 0.960790153823 179612.580534 0.945572828019 177898.951049
0.013276 0.628215679007 178412.161774 0.963641795072 181206.365006 0.944759889274 178511.178271
0.013375 0.626040792818 174149.876788 0.964004087377 180963.689079 0.944974154957 175524.222387
0.013474 0.627703046243 176990.236282 0.964785335263 177917.89222 0.945850082762 177931.176085
0.013573 0.626986764309 179543.537008 0.964329453514 181694.619214 0.944670640581 176955.439488
0.013672 0.626766698632 176245.256451 0.965605144744 181986.625777 0.945715906942 175963.692184
0.013771 0.626272115234 177077.362929 0.964850496416 180790.913695 0.948208833513 175743.535273
0.01387 0.627317152733 175804.380875 0.966332959685 179403.767377 0.94711319897 174673.655883
0.013969 0.627380123343 174147.779881 0.965213698313 181399.625463 0.948460648368 177975.872736
0.014068 0.627171581601 178306.508524 0.966818779488 181837.667236 0.946476740334 177809.129756
0.014167 0.627301412055 176972.388148 0.967108635313 183992.012676 0.94796613865 176429.706859
0.014266 0.626931733404 172224.083673 0.967604598057 177446.921028 0.948640598023 179487.756647
0.014365 0.628484159057 178544.993568 0.968044839837 167786.656767 0.948370699139 163997.591436
0.014464 0.628737055876 163094.60668 0.967960507211 167663.379999 0.948199842599 169227.6532
0.014563 0.62834199398 172409.279995 0.969349178961 179852.569317 0.948226815854 174663.326899
0.014662 0.628677764925 174688.642354 0.969170680649 182029.038341 0.948640598023 180802.993336
0.014761 0.627561234287 177959.033355 0.96963115231 183290.886113 0.948496632837 176125.511195
0.01486 0.629382072681 173340.551889 0.968635579922 180016.060355 0.94960448973 175977.350327
0.014959 0.629493006333 174974.166691 0.970383883864 181578.833443 0.94918085692 178677.33825
0.015058 0.628140703518 177768.962026 0.970525151159 180448.757386 0.949992400061 177181.189909
0.015157 0.630119722747 171929.413211 0.971317008732 175146.675753 0.951112801978 175052.013057
0.015256 0.626578193826 174584.0817 0.971166079111 178592.736733 0.949784873726 178082.646607
0.015355 0.629294937952 177175.87592 0.972299195909 183356.750353 0.949307005886 177620.882704
0.015454 0.629730853033 174791.28874 0.972516678661 181585.436813 0.950317406014 177587.416511
0.015553 0.630755645263 168005.351428 0.971930643029 161267.71692 0.950525165154 167733.44712
0.015652 0.626994626656 171915.882909 0.971958983331 181815.20262 0.951085664286 176221.412837
0.015751 0.629409802428 174362.432234 0.97263018655 179786.269594 0.95141141884 167882.089192
0.01585 0.629548487825 173955.729526 0.974459418638 179505.193889 0.952018278751 176439.058269
0.015949 0.629603979097 173670.855886 0.974089226573 178333.497736 0.951402367089 176758.416487
0.016048 0.628417017533 176501.649165 0.973643471234 180827.547257 0.951692108569 179863.212663
0.016147 0.629053463254 178213.397838 0.973273898741 181839.638081 0.952036405872 176549.346049
0.016246 0.630632335042 178336.075785 0.97385207187 182867.825879 0.950615523551 175354.048194
0.016345 0.632359078779 175250.739978 0.975514583943 175662.644951 0.95228118959 173499.015504
0.016444 0.62648005914 174487.485362 0.974687369026 181559.969318 0.951936715247 176205.273928
0.016543 0.629350384533 175443.827326 0.975704946824 182360.964191 0.952762057204 172457.484951
0.016642 0.629223663844 173925.433113 0.976390868793 176384.596525 0.952018278751 175621.308514
0.016741 0.631620168895 171177.496647 0.976781894371 172155.020229 0.952380952381 156045.177646
0.01684 0.630401755038 171462.793758 0.976124006794 178251.494034 0.951963901529 175991.896735
0.016939 0.630978521491 171820.667291 0.976057314085 179199.26719 0.952517026242 173154.494301
0.017038 0.630334203195 172786.777867 0.976667415445 176748.360856 0.953125297852 175860.991836
0.017137 0.62953659811 173593.083268 0.977880346561 174691.40713 0.953561552398 176535.301766
0.017236 0.630028414281 177051.350457 0.976963207566 178927.42617 0.951963901529 173360.111134
0.017335 0.630012537249 174170.197711 0.976886856964 175784.045213 0.95268036621 167518.202405
0.017434 0.630505097634 171818.063021 0.976715111736 176031.560834 0.952480736077 178861.120185
0.017533 0.632355080025 178672.619149 0.977650900416 181893.26146 0.953316110089 177629.307643
0.017632 0.631763821413 176030.600412 0.978272566302 181401.273004 0.95243537726 177691.240423
0.017731 0.629457344823 177886.577323 0.977928161397 180041.019248 0.954335067042 176621.683478
0.01783 0.629219704644 173996.57425 0.978253426333 180014.12884 0.953570645281 174447.280521
0.017929 0.628946640167 173052.618376 0.978081200301 180873.009096 0.953570645281 174410.502793
0.018028 0.630664152419 172426.573967 0.979211343184 177372.255983 0.952054533684 172393.902614
0.018127 0.630413677455 175003.223181 0.978827951411 165435.222053 0.953861709129 173836.264242
0.018226 0.629572268601 162239.720631 0.97875130908 176277.625964 0.953843512433 172182.794463
0.018325 0.628401221612 163327.941384 0.979719800137 161075.479169 0.953561552398 174965.553807
0.018424 0.628820081998 169967.390833 0.980151923548 152610.213228 0.953243410705 177118.415391
0.018523 0.629869679963 154561.651958 0.980084679316 162455.259292 0.954007307696 166755.617754
0.018622 0.629607943134 173151.492033 0.980363322647 182398.236858 0.954016409082 174091.03795
0.018721 0.629568305013 175983.552563 0.980363322647 172880.288459 0.954535475311 175766.071226
0.01882 0.629552451162 174452.141854 0.980315269391 175280.547651 0.955584435441 173674.379586
0.018919 0.630338176432 175638.885155 0.980449830382 178851.815338 0.953434270241 174196.889685
0.019018 0.631747856795 177391.460282 0.980075073751 180509.020924 0.953998206483 180317.652481
0.019117 0.631684006393 177841.925506 0.980901841153 183362.441578 0.954635711013 178814.453163
0.019216 0.630998428814 176840.617607 0.980401768645 181524.138277 0.954380606986 177625.245519
0.019315 0.62960001511 178166.387019 0.981286859588 179418.578786 0.955365331703 177488.445468
0.019414 0.631376906758 164841.86507 0.982048159642 169946.868103 0.954772429991 179072.493914
0.019513 0.631955459779 175489.705894 0.981257972721 179955.121742 0.954663051676 176153.989594
0.019612 0.630290500892 175451.533249 0.980844114445 146057.702888 0.954234894462 136553.069519
0.019711 0.631412786109 143343.698854 0.982366520949 144241.025309 0.955319697737 138642.990426
0.01981 0.628784496689 164152.659519 0.981816753721 185572.496557 0.954900069708 166134.472821
0.019909 0.629477156274 170301.754135 0.982443730535 179015.477699 0.954672165578 174754.657078
0.020008 0.630843185001 159614.152951 0.982965212861 149900.752452 0.95387990652 148473.040326
0.020107 0.62892290663 173141.628173 0.98251129888 186996.941569 0.955246692458 180748.452933
0.020206 0.632439064496 181162.691656 0.982327920706 186303.633368 0.95499126183 183782.642168
0.020305 0.631380893151 180055.549593 0.982144610973 187788.204227 0.954517252899 165350.176751
0.020404 0.630632335042 179547.379907 0.982974875162 188195.260192 0.954417042071 180750.789704
0.020503 0.63028255567 179407.297336 0.983245496736 187220.640093 0.95542922658 183123.713937
0.020602 0.629429610887 181345.351816 0.983516267359 187633.126433 0.954544586778 179481.074549
0.020701 0.628164378054 183842.091352 0.983013526266 180305.560093 0.954708622928 171748.410501
0.0208 0.630358043369 139770.019338 0.983525940497 165263.590901 0.953025379066 175039.66694
0.020899 0.630524975094 181606.193387 0.983003863205 181852.567885 0.954544586778 178487.249342
0.020998 0.627140115645 178552.290233 0.984329474762 183270.383311 0.954617484774 180359.523273
0.021097 0.629469231544 179465.561711 0.98368073658 187748.276189 0.954253106094 181004.298217
0.021196 0.630743709908 182334.644593 0.983806544281 187391.193431 0.955219318355 182599.375359
0.021295 0.629021808186 180394.973564 0.983729120349 184427.675865 0.954335067042 179259.388425
0.021394 0.630147517534 179800.45054 0.984765675008 183208.582311 0.953107129241 178421.345031
0.021493 0.628109140244 181389.819294 0.984319785812 188257.59888 0.955018622863 156608.94884
0.021592 0.630473296304 173995.635905 0.984804467073 183076.074948 0.954471699914 179016.700185
0.021691 0.629160322633 178531.921867 0.984494216096 181760.049922 0.954936544467 180106.88831
0.02179 0.630068110363 179915.367837 0.984571760513 184383.084584 0.956461856301 178607.794809
0.021889 0.629409802428 177835.289987 0.984532986778 185164.269506 0.953425179959 182160.271179
0.021988 0.629180115392 180149.667151 0.984785070658 184092.554009 0.954253106094 178587.03358
0.022087 0.628598727716 176146.29582 0.984814165567 181099.723275 0.953379731147 173829.275884
0.022186 0.62830646276 175515.261482 0.984949964542 185127.573844 0.953752539366 183795.527616
0.022285 0.629144489323 183543.863979 0.98564895127 188146.718684 0.954198473282 180405.758802
0.022384 0.62825119996 182824.384059 0.985639236327 184767.682712 0.953552459689 178446.167323
0.022483 0.628046023213 177346.831688 0.98525079559 178672.238587 0.95379802373 181858.481518
0.022582 0.629346423739 182299.061797 0.985746111232 185272.970703 0.954152950718 179601.582298
0.022681 0.629104909535 174182.927822 0.985921047443 182659.095472 0.954316852281 181515.182727
0.02278 0.62971102561 180575.854875 0.984862660902 186536.542324 0.954353282498 181046.566688
0.022879 0.628073635353 172163.570629 0.985921047443 179974.889444 0.954234894462 174693.517149
0.022978 0.629782410177 176214.897692 0.986232198509 178461.200692 0.954225788906 170918.844291
0.023077 0.629358306271 180077.968023 0.98590160702 183499.056759 0.953597924971 179708.083364
0.023176 0.631927505277 178833.284798 0.985746111232 181514.5543 0.953716154998 176391.124225
0.023275 0.629037635322 175475.536032 0.986446228816 184018.409282 0.95282560433 179108.740249
0.023374 0.629310778835 172952.359903 0.985969651854 169233.115641 0.954134742908 178482.464326
0.023473 0.626715634048 177485.891868 0.98690378675 169760.256314 0.953279759011 171356.107254
0.023572 0.624605717641 165558.83702 0.986913526637 176756.181804 0.953625206221 177142.87645
0.023671 0.628626388479 171346.446882 0.986387847702 178233.693585 0.954007307696 176716.860617
0.02377 0.625970253894 172045.071393 0.987088877483 184066.136129 0.953152552066 178499.023093
0.023869 0.627647889534 177933.742515 0.986952488107 182357.634183 0.953361552835 179133.142141
0.023968 0.627325023368 179479.384902 0.986884307553 183233.073575 0.952780212661 179725.178384
0.024067 0.627766094353 178974.381294 0.986835612924 182134.088566 0.953889005475 179263.142553
0.024166 0.626319184783 177891.632235 0.986806398453 180662.968671 0.954663051676 181010.547394
0.024265 0.626931733404 180222.430094 0.98746901816 185423.842257 0.954480810163 181751.071079
0.024364 0.628223572205 182571.079599 0.986971969996 184045.782568 0.954107432497 183510.136078
0.024463 0.626880641926 179821.494871 0.986991452654 186181.570248 0.953134382417 178208.324623
0.024562 0.624941411743 177313.468675 0.987478769206 184124.718115 0.954644824393 177708.330332
0.024661 0.627521853449 181612.091007 0.987371518281 185748.69589 0.954325959575 183123.633985
0.02476 0.627549419517 184323.366061 0.987576290268 187710.213264 0.953816218691 182418.465639
0.024859 0.627498227318 182602.396211 0.987800661826 187797.957655 0.952562392837 181753.748887
0.024958 0.625829223721 180688.418643 0.987566537295 183047.870924 0.952498880814 180465.372436
0.025057 0.62760455892 179797.290462 0.987605550343 184414.701632 0.954034612376 183138.106426
0.025156 0.625042971704 182360.964191 0.988425536962 187417.234523 0.952752979735 181386.838428
0.025255 0.62765576847 179366.097561 0.987800661826 184361.364281 0.954973022012 179807.618935
0.025354 0.625958498952 179978.75083 0.987995850417 183961.508603 0.952925481227 178424.229224
0.025453 0.627714866799 178929.945088 0.988669843592 185007.046431 0.952462592032 175993.44751
0.025552 0.626291726686 177959.335378 0.988103237026 183960.863124 0.952009215449 175697.229513
0.025651 0.625653025345 178019.534042 0.988660069008 183872.152797 0.953216151294 180851.484004
0.02575 0.623604684518 180585.961988 0.988806708065 184519.520742 0.951194224349 177541.712294
0.025849 0.622758070945 180380.698686 0.987976328087 183252.527186 0.952979968361 180344.556109
0.025948 0.628266988339 175647.196675 0.988132528335 173239.387172 0.952090791378 169789.118901
0.026047 0.625778311775 167063.144017 0.987722607983 171733.713298 0.952662214559 175517.097658
0.026146 0.626134869451 177146.991359 0.988748047223 185162.225935 0.951909530518 177209.112299
0.026245 0.625970253894 179899.779838 0.988826263226 180328.971185 0.95243537726 177378.25688
0.026344 0.626029035227 177745.834252 0.989237100348 186846.746434 0.952054533684 181249.354503
0.026443 0.624056115126 176865.971539 0.988982732361 184601.950636 0.952244917393 181687.771792
0.026542 0.625868392394 180147.113775 0.989442646957 186242.995302 0.951628712542 183083.107333
0.026641 0.625242281384 178604.220188 0.989100116714 184033.265748 0.95137521287 177341.432776
0.02674 0.62263786759 174942.055166 0.988875154512 184713.164858 0.951520053285 173815.733038
0.026839 0.625383047116 173257.420634 0.98897295159 185950.700479 0.949947277926 170761.789099
0.026938 0.626853134579 176237.184443 0.988269244073 182653.68645 0.951945777169 177638.184783
0.027037 0.62656249021 176650.992168 0.989530764511 182096.291305 0.952045469692 178313.179254
0.027136 0.627490352336 163571.385116 0.989736433188 165527.344367 0.950037526482 181140.784645
0.027235 0.625261828391 179130.540996 0.988620972605 185194.76494 0.951013304676 181085.023921
0.027334 0.623701920378 180697.526338 0.989109900001 182002.182653 0.951927653498 176001.497205
0.027433 0.626170155478 178211.883415 0.989100116714 183756.957198 0.951510999467 179866.837858
0.027532 0.627325023368 179141.787666 0.988728495155 184047.801569 0.952861920779 178343.431217
0.027631 0.626884571744 179686.141822 0.989149035085 182805.977331 0.950425790754 180670.128183
0.02773 0.622986973342 177982.141122 0.989002294485 183944.243585 0.952063597848 177394.911495
0.027829 0.623958768805 180367.744638 0.98937412193 183852.245057 0.950669746837 178541.801464
0.027928 0.625649110953 180481.990545 0.989687456701 179430.782769 0.949541371518 178297.943431
0.028027 0.624098957131 181022.031383 0.98981480565 185005.00633 0.950317406014 178747.012043
0.028126 0.624024960998 179537.081308 0.989423067409 183482.841617 0.950389659761 181362.759766
0.028225 0.625402602926 181772.889633 0.989795211371 185683.403967 0.950904785904 178327.811127
0.028324 0.624555004559 177842.227132 0.989501390249 183435.416739 0.950642634421 179074.099454
0.028423 0.625308746193 181389.427069 0.990197049213 185985.991312 0.949433188387 181889.23861
0.028522 0.623686360603 180600.96925 0.989785414522 186356.444627 0.950055578251 183431.325386
0.028621 0.621898282317 182198.807323 0.990177439797 185974.940873 0.95028128326 183704.965106
0.02872 0.624480900252 182315.385364 0.989481808377 185701.654768 0.950290313691 181070.561459
0.028819 0.623371442107 181058.055248 0.990010791118 183474.494344 0.950922870646 178711.901844
0.028918 0.624274281148 180732.097228 0.989609104404 186093.265279 0.950236133679 177471.172545
0.029017 0.623822534965 180528.211192 0.989853996536 186171.901355 0.949820958749 180986.646622
0.029116 0.62423141507 181007.657096 0.989922588054 185535.310641 0.949848024316 180912.250978
0.029215 0.623919838779 179699.383094 0.990383377405 183721.541432 0.949189866449 182335.992098
0.029314 0.621983380604 179041.077003 0.990177439797 185674.197717 0.949243927212 183558.322589
0.029413 0.622971449218 183983.780422 0.990550151554 187618.690191 0.950082657191 183488.942027
0.029512 0.622107201513 181818.828112 0.990334336872 187537.066514 0.948478640261 182141.127864
0.029611 0.622785220061 179052.923935 0.990550151554 186268.221898 0.948883638399 178840.681302
0.02971 0.62353858145 180968.920388 0.990540339755 185153.316494 0.948190851855 180801.356645
0.029809 0.621118012422 182202.843879 0.990206854212 186126.793127 0.948748600596 180557.587195
0.029908 0.621388181197 179824.039025 0.99014802713 181371.700282 0.949370092943 179556.75727
0.030007 0.623254886318 181873.464443 0.990314722019 185448.273453 0.949983375291 167431.002589
0.030106 0.622107201513 180829.184422 0.990775876589 186731.618798 0.949884114138 180547.794132
0.030205 0.621952433078 178373.617588 0.990059799612 184232.93015 0.94831673779 177366.255492
0.030304 0.622269791291 176963.950744 0.99014802713 180419.804822 0.947579880984 179554.528136
0.030403 0.622560341661 178105.483969 0.990648280235 184607.394412 0.948163880645 180761.85124
0.030502 0.624254795837 179936.361885 0.990579588117 186764.711776 0.949171847563 179967.784926
0.030601 0.623542469478 180135.044249 0.990510905525 188556.434033 0.948766603416 182716.14834
0.0307 0.6227890987 180178.610474 0.991119568665 180356.343512 0.950552270869 180344.245935
0.030799 0.620193500372 178567.949674 0.990962422705 181076.424341 0.947445213981 181202.137633
0.030898 0.621287805363 178966.133733 0.990314722019 180119.186113 0.948325730922 174510.934643
0.030997 0.62184800791 171411.01005 0.990932963385 180037.464308 0.947894252917 174133.175238
0.031096 0.621878945045 176473.949259 0.990579588117 182084.354427 0.94895567428 178779.621282
0.031195 0.621314826436 173991.738273 0.990844595934 179511.263152 0.948056011149 176106.506063
0.031294 0.622610731319 175661.68855 0.990923144001 179286.360349 0.948568609968 175145.432414
0.031393 0.621307105889 175103.169371 0.990824960862 180986.646622 0.947355457241 181941.944165
0.031492 0.621087150949 181152.206925 0.99125711227 184172.904482 0.947122169289 176840.617607
0.031591 0.621650856013 175791.412663 0.990314722019 182589.995455 0.946871064567 180221.113646
0.03169 0.620732464308 180285.487211 0.991286590866 178083.931998 0.94651257442 174651.762797
0.031789 0.62081724382 168555.945145 0.990785693055 179620.580097 0.947202909807 178180.99481
0.031888 0.622521585936 175262.676477 0.990756244241 179702.308755 0.947669680256 179296.017044
0.031987 0.62104857842 179204.703248 0.991050811175 185412.776552 0.947409309244 178486.641707
0.032086 0.621392042454 175165.693734 0.991286590866 183021.113101 0.947768479116 181300.671032
0.032185 0.621477002244 178786.32746 0.991325898389 184235.68159 0.946978664571 181704.143499
0.032284 0.618984246851 181179.125392 0.991463499271 184703.891888 0.945948502564 174398.899629
0.032383 0.620894336202 180264.334145 0.991473329367 183395.714256 0.94679038061 180282.54253
0.032482 0.618880815932 180556.265847 0.991188335696 183633.785292 0.946727635926 180739.963174
0.032581 0.619682350827 177015.55843 0.990952602737 185433.843512 0.945581769183 178078.185687
0.03268 0.61995511525 180462.421876 0.991384865519 185696.557336 0.946109597336 179813.785753
0.032779 0.617856039543 182722.43668 0.991139215414 185955.152322 0.946431951543 180647.250864
0.032878 0.61962859462 179338.411512 0.991522482772 182903.631076 0.945376165176 181783.131193
0.032977 0.620093510101 178886.446474 0.990893687016 187771.558476 0.946279701354 182433.779033
0.033076 0.619022563372 180963.376772 0.991502820826 183601.470982 0.945474486371 178392.128858
0.033175 0.620882771124 181275.361692 0.991188335696 186914.191927 0.945537065053 180923.48837
0.033274 0.620274285289 181482.981471 0.99200444418 185479.190602 0.946566330636 181204.721004
0.033373 0.622750314489 180075.339366 0.991099922694 185409.743959 0.946422994293 180346.18454
0.033472 0.620501365103 180884.553648 0.991316071216 182106.253077 0.94439407676 178129.008037
0.033571 0.619755320599 174231.76795 0.991158862943 177065.701221 0.94496522528 179314.643609
0.03367 0.620047371619 178708.627627 0.991227635426 185521.523626 0.946163307787 182064.436763
0.033769 0.620551421994 178134.076737 0.99125711227 181667.232621 0.944858082316 177245.282253
0.033868 0.619103043511 180997.42462 0.991384865519 185619.307965 0.943565356054 178470.69276
0.033967 0.616876507492 179716.168441 0.991414351714 186065.197062 0.945644362068 179388.958413
0.034066 0.618436839046 184456.550086 0.991610971184 186658.406941 0.944501114511 179528.397588
0.034165 0.617588932806 181657.004115 0.992073334061 184468.800028 0.946252838759 182258.265665
0.034264 0.619843675425 180299.747023 0.991394694056 187903.544462 0.944367321113 178780.230914
0.034363 0.620028149278 174686.241436 0.991719145138 180068.613448 0.944188988868 177151.031638
0.034462 0.617074450032 176870.371932 0.991571641051 184689.984179 0.944849154832 179211.135067
0.034561 0.617238229267 178830.997343 0.991168686999 183778.213213 0.943485234456 182197.540989
0.03466 0.618605169065 178855.628683 0.991099922694 182910.650219 0.945304671696 180144.483099
0.034759 0.618620476338 177034.984457 0.991355381077 184143.391382 0.944197903881 175393.351928
0.034858 0.617978222447 179506.115776 0.991198160336 182785.662519 0.944822373394 176526.23733
0.034957 0.61761181862 176449.301427 0.992161920825 181644.495432 0.944171159348 175658.304446
0.035056 0.61910687642 177815.386402 0.991748651222 187052.982909 0.943725640082 180212.363631
0.035155 0.617585118669 182388.877607 0.991709310167 186261.68714 0.944581408749 180488.825049
0.035254 0.616184707528 177936.233532 0.991778159061 180438.665625 0.943868160495 176845.911504
0.035353 0.616272047132 173834.17488 0.991876531209 185666.471747 0.942267283538 179651.585137
0.035452 0.617745353011 180201.214401 0.991502820826 184710.724512 0.943236054255 179105.222029
0.035551 0.614835992499 176541.543393 0.991906046659 183274.707739 0.943075936474 179927.639498
0.03565 0.615900076372 180723.297526 0.991296417455 183489.263113 0.94313819804 178967.050091
0.035749 0.617482154766 174391.575926 0.991679806424 185026.225589 0.9419300146 178606.19762
0.035848 0.616237867817 182100.639564 0.991581473292 186273.516215 0.943316133536 178558.371243
0.035947 0.618264778074 184191.587525 0.991492990145 182387.529319 0.94261367921 179391.797248
0.036046 0.616146741508 179581.588955 0.991866693116 181137.733731 0.942063118229 169960.778943
0.036145 0.615142343938 175055.008531 0.991247286461 185253.167604 0.942542602926 182369.924101
0.036244 0.617878945157 177892.91487 0.992014285006 185163.942532 0.943182675621 181032.50105
0.036343 0.614711270116 181609.810549 0.991109745582 185033.408594 0.943058148965 182465.048556
0.036442 0.614009234699 177499.186415 0.99163063742 183552.940507 0.941548659235 180592.415582
0.036541 0.615953187558 178484.363111 0.991886369498 183285.439608 0.942871420624 181164.960899
0.03664 0.616310028597 181585.122355 0.991620804204 188662.536243 0.941628452245 180608.746014
0.036739 0.616979269497 182877.154613 0.991522482772 182317.762827 0.941823558774 176943.569892
0.036838 0.616317625451 181022.343892 0.991758486973 185280.909498 0.940963923443 179053.229683
0.036937 0.613688945621 181908.171222 0.991866693116 187368.340173 0.94163731897 182048.1581
0.037036 0.614141215631 180330.289208 0.991807668657 181964.755886 0.941584121125 174270.135696
0.037135 0.613538336943 170108.498157 0.991817505579 180924.424882 0.941530929291 173928.462279
0.037234 0.617131572451 180806.656513 0.990913324811 186116.799573 0.940981632039 182237.280595
0.037333 0.613361466179 183586.684146 0.991974922874 186575.873582 0.942009872263 183057.297931
0.037432 0.613331370673 180156.786037 0.991355381077 187607.44489 0.939893792002 182079.453645
0.037531 0.615517188317 180054.931233 0.991551977155 185303.91129 0.94000864808 174248.488419
0.03763 0.613429191868 176734.061483 0.99134555332 179440.147957 0.941867912444 176262.365628
0.037729 0.612561179548 177438.363252 0.991404522787 187956.508744 0.940167725922 181313.132405
0.037828 0.615149912034 181713.747507 0.992014285006 189425.545665 0.94014120921 181357.505663
0.037927 0.613470587153 180636.825708 0.991955242979 186109.119307 0.93888779352 181356.250997
0.038026 0.615460364353 180071.551143 0.991778159061 185784.897589 0.940211923768 182825.021587
0.038125 0.61433740639 181185.308379 0.99215207707 186043.738844 0.941017051229 179668.053703
0.038224 0.615850767042 176890.362915 0.991522482772 180303.622361 0.939937964094 179754.293605
0.038323 0.613775579097 181351.938215 0.99200444418 188234.956207 0.93895831964 178241.419301
0.038422 0.612174935109 178182.281621 0.992142233511 186643.040575 0.938729148479 182730.158398
0.038521 0.611527289405 180563.416904 0.99134555332 185901.909057 0.938790837401 181559.026215
0.03862 0.612096246014 179055.217071 0.991610971184 181118.413666 0.939143501127 178589.923132
0.038719 0.613109507489 175280.254652 0.992093018641 183560.973582 0.9397524692 174467.380625
0.038818 0.612223657547 173330.37996 0.991886369498 179929.260409 0.940813427289 179740.736138
0.038917 0.614420447913 179808.235598 0.991994603549 185450.651329 0.938367990391 177224.836552
0.039016 0.613124543989 178090.888556 0.991404522787 182756.592312 0.939302286262 179336.494512
0.039115 0.612576189164 181378.5239 0.991561809005 183839.754547 0.93825353487 182623.704006
0.039214 0.610619901324 180971.575197 0.991512651701 189857.440704 0.939064128689 183110.922513
0.039313 0.612257393008 184230.66432 0.991994603549 189411.858743 0.939072947187 186072.460965
0.039412 0.612876536022 183163.938621 0.991001704523 185795.596246 0.937945524124 181631.595198
0.039511 0.613372752756 182436.159584 0.991660138237 187607.025316 0.93753222767 180726.879602
0.03961 0.61081757933 183532.700277 0.991306244238 187073.58988 0.938491281416 178147.317238
0.039709 0.612572436691 182628.395569 0.99163063742 186893.203667 0.939099403672 179008.754319
0.039808 0.612328624526 181869.442468 0.991837180009 188822.041147 0.939028856357 182414.816194
0.039907 0.610009028134 185187.242345 0.991945403325 183054.661467 0.938359185129 185188.632344
0.040006 0.611684395319 185233.205128 0.991610971184 186400.587337 0.936882243271 182230.629732
0.040105 0.611456244191 180495.271702 0.99176832292 186370.35602 0.937049045147 179519.714707
0.040204 0.610280790192 180347.890547 0.991669972233 182729.839964 0.938949503296 175486.034726
0.040303 0.610922064672 170073.182125 0.992339141825 178085.822313 0.93672427521 174011.444759
0.040402 0.612343622747 170759.147308 0.991640470831 187811.412321 0.935838885977 179977.515169
0.040501 0.611856556349 184117.282197 0.99176832292 187194.402963 0.936759374619 182631.735472
0.0406 0.612538666503 174011.155987 0.991679806424 179394.405986 0.937277396618 180195.795135
0.040699 0.610318036729 179805.691891 0.992191453263 185989.702576 0.937233474231 182151.015438
0.040798 0.612055035989 182091.310828 0.992053650261 185694.419787 0.936671631026 181421.987495
0.040897 0.608561239518 181809.212993 0.991787995398 184832.657925 0.937259827169 180015.442266
0.040996 0.610303137568 181458.563259 0.991817505579 187688.038015 0.93718955596 184063.066653
0.041095 0.608739057915 183016.40134 0.991434010152 188976.962611 0.936014077652 185353.044559
0.041194 0.609120977517 183789.406803 0.991591305727 190622.54155 0.935051334318 185108.782144
0.041293 0.609852781539 179540.3091 0.991512651701 186572.387865 0.93728618159 185413.186369
0.041392 0.610079737422 178813.767065 0.991876531209 185401.794121 0.93687346587 179286.973441
0.041491 0.61153850858 159464.202615 0.99200444418 162150.46813 0.937119295286 179051.013033
0.04159 0.61080265577 179651.277342 0.991650304437 180566.681706 0.934815327232 178637.766415
0.041689 0.607821446372 173989.572997 0.991955242979 180460.480771 0.935121285231 180406.379574
0.041788 0.609867658718 184033.265748 0.991434010152 183041.879687 0.935917714115 179443.90966
0.041887 0.607743872422 181286.487528 0.991443839664 186219.429084 0.935331200778 181444.747503
0.041986 0.610165354811 182209.413558 0.992211142531 186012.220747 0.934570704947 181057.351825
0.042085 0.609154371901 179620.887787 0.991866693116 184286.274172 0.935856402194 177463.213112
0.042184 0.60808016929 176419.094952 0.991856855219 182643.426097 0.935007620312 175239.390826
0.042283 0.608524207093 181480.939825 0.991699475391 185267.160264 0.93561123482 177736.042545
0.042382 0.609306548217 179340.021824 0.991807668657 186920.77255 0.935226231225 177367.230544
0.042481 0.608898441829 180632.3137 0.991778159061 185851.496187 0.934422246725 179895.92184
0.04258 0.607212469715 179095.968242 0.991778159061 187747.940025 0.935304956181 180363.478742
0.042679 0.608487179175 178150.873594 0.991561809005 185863.932115 0.935322452415 182178.864614
0.042778 0.607090820787 180655.731915 0.991532314038 187067.999686 0.934649319575 180263.946772
0.042877 0.609332537139 182043.575313 0.99229975391 187624.984791 0.935103796521 182868.463711
0.042976 0.608106053696 184833.716797 0.991837180009 188076.019534 0.933236276761 175739.19077
0.043075 0.609250865136 180357.584381 0.992161920825 188086.899356 0.933436633654 181476.071471
0.043174 0.608272506083 180147.113775 0.991738815666 189816.713884 0.933480200885 184846.912985
0.043273 0.607529723392 184084.474342 0.991728980304 187927.538888 0.933480200885 184868.91082
0.043372 0.609484802496 186310.253828 0.991601138358 189293.549367 0.934448441807 183002.986127
0.043471 0.607455913887 183294.250292 0.991610971184 188903.085869 0.933123069602 182932.349158
0.04357 0.606866082861 184154.952922 0.991542145499 187917.687803 0.933907375067 182654.402331
0.043669 0.610128126907 185017.002774 0.991758486973 186147.279136 0.932261853709 180611.079174
0.043768 0.604101851572 178581.33079 0.99176832292 184141.370283 0.931914338434 181859.900847
0.043867 0.607984046499 184464.09456 0.991591305727 188004.193705 0.933305956359 182796.257524
0.043966 0.606483306547 180916.933055 0.991807668657 186468.374251 0.932001192962 183147.142867
0.044065 0.605759561915 182179.893297 0.991837180009 184228.560385 0.932948958362 182541.044822
0.044164 0.606501698205 180879.561229 0.992102861225 188437.83597 0.932348773029 183376.871618
0.044263 0.609492232022 182593.969873 0.991424180836 190369.559781 0.932366158838 182684.474426
0.044362 0.608161527702 182945.754016 0.991945403325 186412.434061 0.932027252477 179171.020312
0.044461 0.605939418177 181976.677088 0.991512651701 188174.743073 0.931792769288 180877.299129
0.04456 0.606303127312 185844.249525 0.991748651222 191635.887136 0.930899341854 180799.096501
0.044659 0.604551060383 183454.19117 0.99215207707 187650.335321 0.932044626297 183086.144212
0.044758 0.606192866322 183659.114156 0.991807668657 188004.952142 0.931627833313 178745.717062
0.044857 0.605697187748 183164.898472 0.99163063742 186689.812033 0.932661816825 183918.513429
0.044956 0.605741215238 183534.065549 0.991404522787 185715.139646 0.932340080368 183858.370056
0.045055 0.607969261074 183710.436572 0.991483159659 187087.942356 0.931758041072 181323.635773
0.045154 0.60260203559 180150.673046 0.991679806424 187999.896011 0.932766211477 183817.437024
0.045253 0.603919437147 184432.055081 0.99145366937 189005.234894 0.93071739697 186063.463715
0.045352 0.604807006084 183875.860787 0.99168964081 189177.862111 0.92924712398 181716.424215
0.045451 0.606325184323 183774.187075 0.991650304437 191714.107975 0.93099467471 180289.361936
0.04555 0.603966854299 185946.908336 0.991620804204 190451.938664 0.928979516002 184325.391158
0.045649 0.605407499788 182915.9947 0.991532314038 185138.932416 0.931697272922 180823.33754
0.045748 0.603744422911 181953.151978 0.991561809005 187658.815008 0.930042223917 181942.259859
0.045847 0.60477408664 181139.063604 0.991443839664 186092.191926 0.931324156686 184022.123174
0.045946 0.605198656459 184167.4863 0.991886369498 188679.255468 0.929005406811 183067.36513
0.046045 0.6052572646 182553.756748 0.991070455199 187966.785082 0.929912495234 180291.299362
0.046144 0.605444153831 183269.982911 0.991610971184 187101.21201 0.929938438075 183824.20422
0.046243 0.603358292255 182103.564873 0.991158862943 189124.974862 0.929437132872 181146.339135
0.046342 0.604792374778 182349.943916 0.991080277502 189205.08498 0.930535523194 182988.614867
0.046441 0.603689751763 182200.865152 0.990805326569 188558.977054 0.929558088085 182451.793414
0.04654 0.603278213814 181128.581608 0.99117851125 189840.855734 0.928893223724 183298.896266
0.046639 0.603300051281 183615.617141 0.991158862943 189338.069 0.92916941546 180548.415882
0.046738 0.604865538391 181711.464495 0.991591305727 189470.726545 0.930752047655 182189.231112
0.046837 0.603861087795 184706.250713 0.991276764473 189152.864935 0.928988146111 180622.123616
0.046936 0.602126711545 183094.855818 0.991414351714 186438.120943 0.930778037361 180026.72306
0.047035 0.60116385322 183788.037729 0.99103116793 189237.694463 0.928470623189 182388.243116
0.047134 0.602910853601 184250.57316 0.991011525464 187515.267483 0.929134882511 184210.193455
0.047233 0.603766294143 185852.896175 0.990952602737 191335.51083 0.928625819512 186650.764972
0.047332 0.603387416959 181672.189927 0.990942782964 188556.434033 0.929532166461 181247.788043
0.047431 0.602300789014 181460.525895 0.991217810202 188009.502891 0.928470623189 183844.831131
0.04753 0.602609298261 183825.896097 0.990942782964 188717.712443 0.927600760633 186118.864269
0.047629 0.599984400406 183232.11301 0.990883868411 190196.13178 0.927016028107 181326.928123
0.047728 0.603019923778 179577.744592 0.991001704523 187518.369343 0.927884793824 182393.874376
0.047827 0.601286753653 184879.096776 0.99176832292 190043.941644 0.926947284508 180743.545911
0.047926 0.601084356179 180732.486615 0.991070455199 182865.434049 0.92674970344 176693.112543
0.048025 0.601243371292 160530.930775 0.991463499271 177678.594501 0.927678206984 170552.992431
0.048124 0.601978100037 182553.995114 0.990687537151 188485.087884 0.928237925945 183898.59565
0.048223 0.601279522825 178345.02371 0.990795509715 185851.825594 0.92733409993 180078.973118
0.048322 0.600150037509 178094.367038 0.991591305727 187777.190799 0.926878551103 183034.530972
0.048421 0.601576129459 177619.002247 0.991070455199 183749.228958 0.927359899103 175151.941857
0.04852 0.601764373142 176593.574127 0.990982063225 182926.046362 0.927574948056 171813.065859
0.048619 0.602119460501 176768.398765 0.991394694056 181966.413708 0.928031181848 178005.330436
0.048718 0.600398664713 176926.328222 0.990687537151 181360.877664 0.928427522305 181313.132405
0.048817 0.600449135954 181711.77939 0.990579588117 185907.182571 0.926492115552 182205.455863
0.048916 0.603183603057 181840.97828 0.990982063225 188430.724831 0.927523327212 182636.666029
0.049015 0.602896313892 185354.764695 0.990982063225 188017.593657 0.925411808255 184796.744923
0.049114 0.598343784405 179694.532867 0.990854413761 185273.707264 0.925805914048 181173.255859
0.049213 0.60116385322 181116.458424 0.990883868411 187920.46621 0.926612305411 181995.15409
0.049312 0.600477980472 181608.159218 0.991247286461 188033.861574 0.925386117357 182088.702115
0.049411 0.599934007259 181333.199599 0.991109745582 188617.315829 0.925865916098 183365.808384
0.04951 0.60049961568 179830.90089 0.990510905525 186305.040177 0.925103611604 181770.211261
0.049609 0.600640282541 184131.507956 0.990206854212 190000.208378 0.9242485859 183012.408511
0.049708 0.601268676908 183749.228958 0.991207985172 185114.909453 0.927402900916 184520.251324
0.049807 0.599294031631 178520.143776 0.990913324811 182833.708361 0.923702198411 179667.05319
0.049906 0.598318724384 182101.272055 0.990628652943 190140.863587 0.926045968922 181851.62174
0.050005 0.600824330982 178650.549245 0.990854413761 184425.32415 0.924744308199 179629.580458
0.050104 0.598573001963 181286.174106 0.991070455199 187355.36736 0.926106002093 179092.679936
0.050203 0.600799062753 181089.871316 0.990667908304 189260.237429 0.925351865047 183610.231698
0.050302 0.597675044079 180459.781984 0.990206854212 187067.665954 0.923651007703 180534.11671
0.050401 0.600319369905 180310.133305 0.990304914883 189592.856927 0.925394680831 180288.044511
0.0505 0.598426139254 178213.094951 0.991551977155 185252.758494 0.92633763154 177905.893162
0.050599 0.598691260904 178197.194851 0.990756244241 185837.332785 0.924667350921 174155.950873
0.050698 0.598257873074 179761.381277 0.990491283677 187634.217635 0.923796062781 184167.4863
0.050797 0.59572744278 182700.787508 0.990295107942 186375.573328 0.925600251763 178670.335803
0.050896 0.598447626856 181717.762599 0.991109745582 178822.458029 0.923719263242 177618.325292
0.050995 0.59685101405 157178.811104 0.99071698188 164404.949351 0.923130890729 173783.397223
0.051094 0.598383168678 179497.43505 0.990412804057 185854.95502 0.922322037963 181475.992951
0.051193 0.599003258578 176689.688583 0.991001704523 186473.597048 0.923992386303 182306.113854
0.051292 0.597460791636 181475.05072 0.990824960862 186861.064122 0.921803416203 182152.360231
0.051391 0.600571744301 182153.705044 0.99014802713 187707.357067 0.92348041298 182186.144779
0.05149 0.597550044816 183405.818712 0.990412804057 187755.75615 0.923113847631 182632.689753
0.051589 0.597464361251 181310.859448 0.990452042312 186432.568663 0.923275782476 183804.226314
0.051688 0.595887186638 180987.271398 0.990942782964 187990.458629 0.922994563562 182858.81698
0.051787 0.596740602827 183811.314752 0.99024607615 188423.275641 0.922705001984 184154.22523
0.051886 0.596612434596 184977.918042 0.990393186095 191502.62966 0.922160437473 182616.706868
0.051985 0.596334925548 183430.362741 0.990667908304 188882.414133 0.922356066336 180529.221319
0.052084 0.59644162924 182300.091839 0.990824960862 186289.483713 0.921158079938 184817.672118
0.052183 0.594767237841 182822.710567 0.990638466492 189224.802984 0.922211463088 183638.207289
0.052282 0.598587333892 183104.607406 0.990089207038 188359.727531 0.921939391704 182467.429923
0.052381 0.596569724087 181191.883157 0.99034414459 188048.699021 0.922211463088 181681.790558
0.05248 0.597628609677 182494.026082 0.990314722019 175004.464502 0.922662434722 169542.934222
0.052579 0.595926248168 168028.5716 0.990736612672 174402.888042 0.921862900549 177645.106558
0.052678 0.595567784547 180286.727105 0.990599213464 185733.478934 0.922339051835 180514.536737
0.052777 0.598734275741 183339.197956 0.990314722019 186512.487071 0.920691623548 184451.764126
0.052876 0.596253145235 184688.926953 0.99014802713 189335.846794 0.921947891505 182206.722306
0.052975 0.593975896458 185083.705254 0.990550151554 187497.245188 0.923199069415 180722.363095
0.053074 0.597307338518 182339.63839 0.989863794742 187039.303055 0.923062722112 183346.25057
0.053173 0.595114113131 181413.434348 0.989667867464 190500.811863 0.920530593834 182778.254712
0.053272 0.595912043382 184705.925354 0.989785414522 188089.429728 0.920640765973 182384.198342
0.053371 0.59488399762 180479.42774 0.990069601893 189423.406954 0.920259513183 181754.378971
0.05347 0.594410166791 179610.88841 0.990295107942 185323.15205 0.920488226956 178835.267306
0.053569 0.595628089821 184359.338394 0.990491283677 190652.348322 0.921302353006 178788.842407
0.053668 0.595656472999 183658.390378 0.990069601893 173503.608812 0.92030185901 158019.571306
0.053767 0.594049995248 180724.62132 0.98954055632 189613.770188 0.920115566515 184850.415993
0.053866 0.59394767321 182268.561995 0.990197049213 187729.957005 0.920589914017 181762.649226
0.053965 0.594777850473 183668.202087 0.99014802713 187319.638643 0.920589914017 182088.702115
0.054064 0.592627711272 180259.066021 0.989942187376 188106.047525 0.91950640896 183807.609364
0.054163 0.593338000926 182145.715565 0.98975602514 189685.28725 0.92084422999 182174.591744
0.054262 0.594035879767 183309.310512 0.990030393933 192270.409602 0.917919626957 184583.265488
0.054361 0.591807023566 181019.687593 0.990040195632 187739.11615 0.921090202364 180302.924788
0.05446 0.594124112527 183209.54263 0.989520972897 186142.487649 0.919574053299 182654.402331
0.054559 0.591215716879 182885.926086 0.989638485061 185870.521361 0.919540229885 181732.56486
0.054658 0.593225366317 184431.406295 0.989765821407 189484.336374 0.919016284969 183410.470343
0.054757 0.595131821699 183354.345716 0.989344756967 185664.170519 0.917877500069 181390.054629
0.054856 0.591456995162 182426.161686 0.989736433188 187119.492164 0.918881170287 181037.423775
0.054955 0.594703570006 179462.950903 0.989530764511 181648.428794 0.918433886537 176436.831653
0.055054 0.593211289997 180779.848602 0.989002294485 188416.842724 0.917128287905 179938.060147
0.055153 0.592627711272 184744.162856 0.989589518268 185110.416053 0.918341108621 184963.561203
0.055252 0.591782508093 181700.601293 0.989834400705 189314.738443 0.918214623486 184199.029446
0.055351 0.593292237958 175296.810657 0.989530764511 187854.396074 0.917523786804 182999.712475
0.05545 0.590534906518 184603.006866 0.989266458921 187728.86469 0.918636376163 181958.44065
0.055549 0.592532900389 177192.492551 0.989393699541 184134.256367 0.918644815169 181579.855361
0.055648 0.592655809212 179171.020312 0.98937412193 181369.739567 0.917077823224 172295.255035
0.055747 0.590695366586 177865.983412 0.98975602514 182197.778426 0.918484500574 181148.607969
0.055846 0.590939712331 181341.039553 0.989051203181 177519.319804 0.916573481696 181532.701867
0.055945 0.589136326146 181373.347315 0.989844198523 183810.348114 0.916187195368 180741.287212
0.056044 0.594074698953 179244.220284 0.989765821407 189276.379442 0.917153522328 182896.612472
0.056143 0.591271647933 180622.123616 0.989217528935 185267.160264 0.918096602124 177429.806301
0.056242 0.591849054817 174155.37237 0.989354545095 188206.660525 0.917237647102 180289.051952
0.056341 0.591264655973 178688.832587 0.988806708065 181373.268884 0.91683398887 180965.641025
0.05644 0.591149312493 183386.65327 0.98897295159 187841.019373 0.915423978616 180951.275692
0.056539 0.591145817939 180867.471355 0.989217528935 186621.781019 0.917347032382 181359.858209
0.056638 0.59102004149 180983.99137 0.989452437021 186915.524674 0.91628793432 183282.796569
0.056737 0.59218551988 182333.693424 0.988836041096 184172.985353 0.916968502132 184289.351097
0.056836 0.591558460765 181793.05873 0.988718719412 186786.336639 0.916178801455 181247.788043
0.056935 0.589150209737 180692.62208 0.989119683482 187672.501662 0.917111465728 180332.227513
0.057034 0.588754783633 179225.608347 0.989031639122 186542.847485 0.915692217532 183592.389653
0.057133 0.58984174546 182180.921993 0.989031639122 190847.014489 0.915826395948 185617.993639
0.057232 0.591394034017 184666.402793 0.989207743518 188344.079783 0.916069694582 178543.701512
0.057331 0.591968175791 175855.388084 0.988484159541 182548.353963 0.915708987684 177677.013887
0.05743 0.590231665929 179138.268148 0.989109900001 187153.39085 0.915457499886 181265.803966
0.057529 0.58899405705 183759.69444 0.988992513327 188578.899757 0.915943834324 185075.456687
0.057628 0.590074939517 184341.998625 0.988562333798 187750.04107 0.914754068369 184087.140554
0.057727 0.590475628118 183787.715598 0.988748047223 189199.708056 0.914118561177 186266.236607
0.057826 0.588827585395 185713.083898 0.988044659619 191306.973441 0.913918058107 179797.598757
0.057925 0.588394506749 177840.41739 0.988963171012 185556.323367 0.915692217532 180217.474156
0.058024 0.590263021202 179342.935794 0.988738271092 183957.47443 0.915994174277 182191.209585
0.058123 0.588470682391 180533.495059 0.989344756967 183978.454061 0.915625143066 181325.98744
0.058222 0.586988806123 177809.129756 0.989364333416 186740.015654 0.91458674398 180329.281306
0.058321 0.587330114764 179616.118714 0.988288777981 188245.600964 0.914670398522 180423.995771
0.05842 0.58750954703 177645.106558 0.988259477408 185670.992183 0.913876297704 183556.314313
0.058519 0.588834519835 182192.159268 0.98884581916 189473.636659 0.91436095313 179428.863794
0.058618 0.587941323456 181456.522162 0.988415767208 178591.52003 0.914193772512 180187.666846
0.058717 0.589046098748 173989.284298 0.98833761613 174533.446074 0.914503104738 174356.706136
0.058816 0.589306445245 181894.839097 0.988513473439 186449.558026 0.911543790564 181769.581068
0.058915 0.587937866726 180183.486869 0.988103237026 188501.775671 0.912675233645 179375.762848
0.059014 0.586413961344 180855.695032 0.988464617909 184632.342389 0.912858525186 180545.773473
0.059113 0.587499192189 178072.817758 0.988376690124 187797.705398 0.913191971216 179587.663384
0.059212 0.587037047908 176212.084483 0.988327848114 185948.639512 0.914595108745 179067.677468
0.059311 0.588359887976 173663.305583 0.987956806528 181668.885026 0.913233669099 178897.891427
0.05941 0.588003551541 178792.348208 0.988132528335 186471.192867 0.912641915818 177402.189494
0.059509 0.586592834182 175734.257443 0.987878728007 183378.555271 0.912325517745 177016.52963
0.059608 0.58723354278 172286.691551 0.98816182138 184930.043399 0.913125262524 175935.865664
0.059707 0.585857402308 183210.262875 0.988152056839 190632.678272 0.913667552924 185053.981196
0.059806 0.587199060482 184053.939605 0.98867961837 187487.103932 0.912250613489 180779.536929
0.059905 0.5852436662 174531.630421 0.988152056839 182634.359768 0.912467037128 178947.197764
0.060004 0.587174925282 178171.836277 0.988718719412 178241.343555 0.910846358436 171879.249031
0.060103 0.587993179279 181677.777056 0.988044659619 185319.712983 0.912733545696 182205.772472
0.060202 0.587240439726 181565.628144 0.988386459106 186419.310823 0.912167400961 178738.404579
0.060301 0.585950088771 183334.229394 0.988366921336 189219.083486 0.911593648015 182781.918714
0.0604 0.583137982109 183557.599605 0.988083710452 188731.299227 0.91190122286 183501.70604
0.060499 0.586204268739 183376.871618 0.987839693375 189816.713884 0.911793132374 180704.065762
0.060598 0.585432107439 183127.711624 0.987986089156 188293.432744 0.911203243884 183693.540447
0.060697 0.584228176156 183615.295613 0.987693340971 190074.342956 0.912500342188 182193.504669
0.060796 0.586682311528 183273.025992 0.988044659619 188197.709036 0.910638995383 183143.784086
0.060895 0.585021119262 183377.192311 0.988132528335 189247.684433 0.911402557396 184275.019979
0.060994 0.584986896294 180531.47472 0.987820177215 187712.733511 0.912001021441 181895.864576
0.061093 0.586235197561 175239.097964 0.988005611872 185182.500153 0.910348845678 178744.117405
0.061192 0.585829945283 179433.315879 0.988054422038 185797.900733 0.910357133103 181836.327086
0.061291 0.587178373046 183336.553365 0.988103237026 186923.938078 0.910373708407 181069.545265
0.06139 0.583931376385 181886.951186 0.988093473643 186437.375095 0.91023283756 178909.795732
0.061489 0.584771383628 181323.635773 0.988093473643 188605.272021 0.909429878409 185002.558267
0.061588 0.585754451734 180276.9634 0.988025135359 187659.234814 0.911776505343 183344.968236
0.061687 0.585116964881 181404.568175 0.987361769352 187193.734597 0.911535481519 182966.902578
0.061786 0.584863726752 180931.995379 0.987859210305 185826.300003 0.908430232558 179209.220787
0.061885 0.584357907531 181930.974475 0.987547031927 190895.395631 0.91013342556 184286.274172
0.061984 0.584672232746 183680.34754 0.98724479722 188790.339532 0.909223159732 184394.270915
0.062083 0.583107379224 182261.275241 0.987127852799 188584.580619 0.909099173629 180405.138034
0.062182 0.584969786311 179113.558904 0.987966567211 185589.657998 0.908124994324 178174.63672
0.062281 0.582421358556 178049.988772 0.98746901816 186999.776187 0.910075445254 181029.297516
0.06238 0.58313458163 179954.504071 0.987478769206 185297.771463 0.909462962121 177685.519426
0.062479 0.58399275849 175652.49292 0.987332523721 189158.153889 0.908083761646 182779.608782
0.062578 0.582733603333 179956.743148 0.987059648015 188535.160113 0.90889260525 185374.016018
0.062677 0.583280838058 183677.290917 0.987371518281 190316.004216 0.90786116987 176847.775628
0.062776 0.583372710991 172585.216518 0.987615304087 182824.065296 0.908900866183 179148.214969
0.062875 0.583304654188 180635.5032 0.986728501653 186694.631739 0.907498661439 179206.004889
0.062974 0.582604592089 182507.76385 0.986981711229 187964.931889 0.9080507782 177289.185298
0.063073 0.581919753266 178298.3224 0.987040162664 186315.136719 0.907408079562 183268.38133
0.063172 0.581990874383 183839.432234 0.986601945579 188461.967052 0.908388972158 185393.189394
0.063271 0.583195796325 182102.2208 0.987069390978 189489.472667 0.90737514518 181809.212993
0.06337 0.581645591708 182052.504061 0.987108364756 188547.618759 0.908521018634 184149.212395
0.063469 0.58061893979 182905.625096 0.987400766223 188789.744698 0.907589261404 183599.783233
0.063568 0.583713233363 181624.988471 0.986397577408 188831.732237 0.908001307522 184226.213745
0.063667 0.582927227365 182762.883435 0.986455959674 188450.281756 0.906634753123 184131.831294
0.063766 0.580996758038 184007.510683 0.986855090199 186971.850606 0.907770515614 184187.785906
0.063865 0.582078953189 178006.236982 0.986923266716 181873.779899 0.906470385613 177628.781061
0.063964 0.580625682235 181219.75299 0.985814134603 184773.217667 0.905633037493 181204.721004
0.064063 0.582170447864 184201.698977 0.986728501653 184306.276022 0.9063225058 181796.762137
0.064162 0.580784174793 182960.83683 0.987118108682 188131.190689 0.906610094197 184380.409792
0.064261 0.580736955196 185789.670684 0.986485153398 189862.425355 0.905198555303 183325.414867
0.06436 0.578539650215 183000.670605 0.986806398453 186963.766249 0.905616634366 180227.850962
0.064459 0.580524561994 180703.75435 0.986475421965 187073.256128 0.90440444967 181773.913737
0.064558 0.578449293135 180519.431332 0.986465690723 188559.739974 0.90578889684 182933.386369
0.064657 0.581081159606 180686.394835 0.98665061715 186353.960668 0.907630449186 181193.840029
0.064756 0.580278649808 181840.662938 0.986465690723 187640.849056 0.906692295836 182607.086679
0.064855 0.57841918038 183167.298142 0.985979373312 189092.404212 0.905214943288 183385.610913
0.064954 0.579854688415 183545.470379 0.985814134603 189548.645711 0.906380008883 180936.132104
0.065053 0.579982484529 182641.755916 0.986446228816 185744.829724 0.905083856019 182812.988981
0.065152 0.581098042862 181625.617662 0.986037706082 186482.30236 0.906092566417 180545.773473
0.065251 0.578944930758 181495.467918 0.986290561199 186940.350561 0.904690821912 178574.031751
0.06535 0.581446056342 183853.93745 0.986767448515 186776.937526 0.904150957044 182235.697012
0.065449 0.580888759802 182412.515532 0.985542097431 186946.266427 0.904977375566 181655.745302
0.065548 0.577583966269 184199.757492 0.985804416404 187297.471935 0.905936602557 180787.32908
0.065647 0.580561635326 184365.497228 0.985833571576 188561.859227 0.904191833339 183554.94871
0.065746 0.579683261066 183047.23184 0.986134942706 188995.951796 0.904568068747 183091.81865
0.065845 0.578001271603 182915.675618 0.986670087123 189000.550648 0.90427359702 181994.917182
0.065944 0.578763991619 176706.88416 0.984814165567 186821.279691 0.904453529178 179347.076863
0.066043 0.579018679143 181110.514746 0.985891887096 188706.674621 0.903448462782 182752.531183
0.066142 0.577243891317 184036.33423 0.986037706082 189677.395431 0.901932842081 180914.591986
0.066241 0.576970787969 177048.510477 0.985406135139 187421.003126 0.902877470498 177982.443224
0.06634 0.576854298141 180976.806962 0.986144667423 186811.877061 0.904805421594 182602.396211
0.066439 0.577537265592 180249.382774 0.985794698396 173759.855103 0.902128120236 170484.084428
0.066538 0.577901063338 170456.7862 0.985678097247 176067.473367 0.902128120236 181745.16443
0.066637 0.576860953436 182554.074569 0.986047428881 188223.214578 0.902136258661 179059.727075
0.066736 0.577747478132 180138.989877 0.985697528856 190280.777636 0.902331624919 181812.207757
0.066835 0.576192863275 177677.013887 0.985678097247 190296.748856 0.904936428216 168200.060955
0.066934 0.577177256907 175074.883542 0.98578498058 181196.501442 0.902323482969 177861.608763
0.067033 0.576984104088 177088.278484 0.985396424982 181383.543901 0.902201371346 176568.000906
0.067132 0.576787753642 179803.071177 0.984746280121 190147.328565 0.901055135564 181227.348223
0.067231 0.575506445672 179965.159485 0.985056690013 189690.005499 0.904085562658 181141.332255
0.06733 0.577954503421 181373.268884 0.985755828281 186851.324526 0.902543367209 179078.61041
0.067429 0.576408742968 179007.761135 0.985406135139 181673.134206 0.903187348152 180378.449047
0.067528 0.576624784486 184633.317692 0.984755977469 190468.890066 0.902315341165 182401.251058
0.067627 0.577603983157 159272.427627 0.984755977469 169578.578853 0.901371888014 176158.354631
0.067726 0.577730789007 179646.737489 0.985435266757 188972.70547 0.901201301335 185229.114988
0.067825 0.577991249212 183873.603732 0.985386715016 188527.363703 0.901656342702 182309.679708
0.067924 0.575526318819 180981.726658 0.984629926842 187337.794157 0.901250033797 175402.593796
0.068023 0.577620664957 179074.787551 0.985347877068 180553.312315 0.901656342702 176154.951364
0.068122 0.576422033156 180694.256803 0.985367295659 180168.471514 0.901485648348 174569.403789
0.068221 0.576461907397 173490.618991 0.985425556026 179869.768974 0.902185092294 177074.522115
0.06832 0.575066276388 182327.431813 0.984416683894 174651.762797 0.902494494784 177981.536921
0.068419 0.574897668215 180375.191049 0.984930562395 184619.420608 0.901981653693 179082.127584
0.068518 0.57704403423 177869.151396 0.984542679925 183572.060379 0.901087612749 175102.803863
0.068617 0.572944418662 180764.499977 0.984901460609 182433.779033 0.898932966569 181528.459254
0.068716 0.574372641482 178764.229458 0.984523293821 185614.215053 0.899636546835 184904.036735
0.068815 0.575178736792 179961.298682 0.984581454424 184836.078939 0.900479054857 180227.618633
0.068914 0.572252615194 180719.014795 0.985037283661 183953.359756 0.89992800576 179437.844951
0.069013 0.574884448226 179229.743999 0.985289625886 184720.648986 0.899385719554 183568.766336
0.069112 0.573539195669 181741.856874 0.984290720107 188736.564632 0.898803692286 180528.211192
0.069211 0.572727845455 182191.209585 0.984882060373 185684.061591 0.89739217833 181329.90702
0.06931 0.573289304715 182417.116914 0.984891760396 185358.532724 0.898133678217 182638.733762
0.069409 0.574468329561 180145.721055 0.984591148526 185650.282173 0.900049502723 180493.951266
0.069508 0.575198587312 180212.673352 0.983719443215 182029.670335 0.900171032496 182563.053466
0.069607 0.574428730627 179648.661128 0.984717189223 186528.246708 0.90027638485 182657.743186
0.069706 0.572468829072 183612.241155 0.984203533291 189041.609577 0.89883600737 183789.406803
0.069805 0.573069186643 183597.050754 0.984155102844 189635.716931 0.899766060824 184067.509349
0.069904 0.5727081651 184644.615693 0.983729120349 188144.608751 0.899539435809 179936.361885
0.070003 0.574696129422 184121.727511 0.984067940051 189077.060673 0.898658303153 179677.674589
0.070102 0.573102029354 182900.919279 0.984174474451 187788.120151 0.898311174991 179457.192037
0.070201 0.573634606229 183423.303654 0.983951747006 190416.748196 0.898496814829 184426.297266
0.0703 0.572370529786 185628.344465 0.984038889217 189881.936764 0.896740348832 181997.60218
0.070399 0.574214331241 183381.28125 0.98418416054 188796.797979 0.897996569653 184501.50155
0.070498 0.572472106297 181121.385716 0.983913022089 189034.793582 0.896812727566 182135.354018
0.070597 0.57245572055 179132.453595 0.983690412953 185777.902979 0.898763301697 179260.920704
0.070696 0.572780333014 180491.077442 0.983574309039 189740.720049 0.898698684305 179859.664741
0.070795 0.571428571429 181348.331318 0.98363235757 183351.620538 0.897996569653 179056.51654
0.070894 0.573059334564 175996.253742 0.983342183413 187867.185645 0.897504936277 181991.205698
0.070993 0.572498325442 177487.469083 0.983845260817 187834.037324 0.897891750171 178803.857348
0.071092 0.572249340483 181078.378719 0.984329474762 182606.053165 0.897432445773 181440.509
0.071191 0.572118382736 179683.524592 0.983758152896 187612.312094 0.89739217833 182375.316329
0.07129 0.571542880005 182897.011242 0.983187493855 189228.730004 0.898286966754 183078.472292
0.071389 0.570955494019 181559.104806 0.984019522947 184061.047317 0.89794818839 179758.530733
0.071488 0.571265352756 179867.146392 0.983255164548 185748.613629 0.896635822394 180618.545691
0.071587 0.571807598179 176958.575118 0.98374847519 184210.92159 0.895920872269 178402.600049
0.071686 0.57118051589 177297.428909 0.983545287343 185928.197199 0.896386665352 176767.504783
0.071785 0.570903340355 182156.632058 0.982656119491 184272.672155 0.89606537693 177538.856562
0.071884 0.570177439219 174108.02051 0.983458232529 185820.043187 0.896282221346 177364.680431
0.071983 0.569135767337 175755.83359 0.983525940497 182843.432151 0.896001146881 178479.654198
0.072082 0.56888646164 180110.059281 0.983525940497 186908.94442 0.897206994626 179137.656072
0.072181 0.56783659934 171467.770565 0.984310097053 179583.818761 0.897255296049 171598.392312
0.07228 0.569291289274 172620.304833 0.982926565556 179259.00536 0.897142600816 175295.931498
0.072379 0.565818881376 178365.046047 0.98326483255 183694.827662 0.897875626268 176478.330166
0.072478 0.564761162504 175796.938656 0.98330350646 182314.038163 0.895912845598 181709.18154
0.072577 0.564706945331 181185.699722 0.98363235757 188097.189958 0.896442914515 180030.973041
0.072676 0.563548552526 182379.915835 0.984339163902 184464.09456 0.897649952425 177616.74575
0.072775 0.563412023213 177059.796198 0.983642032991 184371.170202 0.898666379093 180238.306416
0.072874 0.562164106946 176885.364746 0.983709766271 186608.247184 0.896450950686 180604.546478
0.072973 0.561435027931 179315.56354 0.984814165567 186581.434402 0.899409987048 180583.940474
0.073072 0.55990414441 182485.450951 0.984116361919 185236.640985 0.896595626407 177918.571461
0.073171 0.561028702228 176603.240355 0.984077624043 183522.260634 0.89861792563 175325.681261
0.07327 0.558437714649 176595.135523 0.984833563128 179479.76891 0.898642151709 178960.024918
0.073369 0.558559363689 177310.02063 0.9844360658 183183.377554 0.89883600737 179689.682901
0.073468 0.557640511468 181004.688778 0.985328459242 185343.133919 0.899814638185 183421.94003
0.073567 0.558107346367 181835.381109 0.98479476877 181849.966009 0.898270828655 181815.911944
0.073666 0.557743148125 183284.478494 0.984843262195 187622.886544 0.899822734921 181192.900725
0.073765 0.553884670134 183013.047352 0.985027580772 190028.098923 0.899029946688 184627.547304
0.073864 0.554397480818 182208.067922 0.985697528856 189164.296271 0.900130518925 183008.735263
0.073963 0.556201367143 181444.433533 0.985532384594 189933.184048 0.89992800576 183090.140259
0.074062 0.553299323868 184362.336722 0.985124618264 187317.128941 0.900000900001 182898.925361
0.074161 0.554139421478 180509.95315 0.985464400099 187566.251612 0.899960401742 180807.280048
0.07426 0.555305668005 181186.952029 0.985357586268 187222.395068 0.901892169772 179902.712028
0.074359 0.555361179143 180548.415882 0.985697528856 185887.078904 0.902339767016 180959.082655
0.074458 0.554354454238 179983.925348 0.986154392332 188017.677939 0.901047016633 182186.857001
0.074557 0.553525960368 182334.010479 0.98612521818 188094.406324 0.901810836159 180661.334514
0.074656 0.553201376365 182115.187974 0.985940488632 188628.3432 0.902168813828 181832.700896
0.074755 0.549471682977 179783.418261 0.98566838173 186149.014045 0.902152535951 181609.889184
0.074854 0.5536086983 180392.102891 0.985921047443 185791.810426 0.902201371346 183114.999585
0.074953 0.551797203492 181779.191995 0.986689557864 185061.819581 0.902014197703 182179.26026
0.075052 0.550988473321 183469.036923 0.98612521818 190660.321481 0.901884035751 185960.016617
0.075151 0.552913856021 183575.193847 0.986368388866 190039.636296 0.903285248449 179042.987692
0.07525 0.551952532082 184639.413564 0.986027983474 189317.558315 0.903554583732 184058.704942
0.075349 0.552785486064 181828.759549 0.987127852799 190253.330666 0.90181896886 184198.382299
0.075448 0.551064380852 184987.463311 0.986855090199 191208.249167 0.902885622449 186838.423205
0.075547 0.551681525289 183138.82611 0.987937285741 189634.602325 0.905239526379 183163.938621
0.075646 0.550961151729 182446.793471 0.987010936081 189514.558895 0.903668895717 184744.488349
0.075745 0.550727511042 182571.635891 0.987937285741 190973.795595 0.902185092294 181937.287804
0.075844 0.550745709691 182946.153001 0.9867479747 190006.06127 0.905190361533 184845.283724
0.075943 0.550836720979 184315.509109 0.987098621023 191888.824178 0.905747876021 183752.931992
0.076042 0.548850432769 181475.05072 0.987088877483 186301.647322 0.904608982767 181595.028276
0.076141 0.551477684455 182746.559263 0.987274037655 190615.611078 0.906067936974 185353.372201
0.07624 0.550297160467 181959.072154 0.987205812668 185188.305283 0.907951842234 183782.964282
0.076339 0.551304386178 182319.427087 0.9867479747 190399.63321 0.907869412064 186696.709275
0.076438 0.551240566896 182663.072898 0.987898246481 188027.202345 0.906256796926 187009.614647
0.076537 0.549764700708 184924.580577 0.987732364039 193003.242256 0.907688118363 185048.102843
0.076636 0.550381965084 184452.494172 0.988308312661 191624.505326 0.906445735626 180935.897945
0.076735 0.551222335529 179987.864359 0.988054422038 182054.79565 0.907770515614 174444.886232
0.076834 0.551937299923 172923.623926 0.988787153677 183521.618234 0.909314104371 180578.731399
0.076933 0.54894081869 180383.956883 0.988405997648 190744.340161 0.907877654407 182129.106021
0.077032 0.552165870628 181491.85531 0.989119683482 188845.335444 0.9095622277 183383.285698
0.077131 0.552553349026 184033.992485 0.988982732361 189308.586287 0.907515132815 184090.85722
0.07723 0.551085638708 183464.70332 0.989276245499 186540.026703 0.909545681932 182306.747773
0.077329 0.552593042854 179765.541692 0.988855597417 184800.897413 0.909057852442 180242.256569
0.077428 0.553976721898 181368.092599 0.988503701946 182652.095622 0.911269672034 177109.365763
0.077527 0.553308508225 179375.762848 0.98855256134 190302.53369 0.910846358436 180076.03518
0.077626 0.555490748302 181496.803049 0.988493930647 184593.826193 0.913108586873 180360.919301
0.077725 0.555808757323 178664.247164 0.989295819236 184281.82091 0.912641915818 178832.064815
0.077824 0.556012721571 180940.112905 0.988943610435 189354.480749 0.911818074058 184178.322983
0.077923 0.555293333704 181482.902945 0.988933830437 188733.677115 0.91292519491 184386.894269
0.078022 0.555052924296 183362.441578 0.989442646957 188636.232802 0.913475591932 183201.220205
0.078121 0.55656045638 184139.672594 0.989922588054 190301.497574 0.91245038551 185542.861541
0.07822 0.558213270962 185045.408723 0.989491599216 190030.251312 0.912392109633 185613.14722
0.078319 0.556025087852 183763.719942 0.989325181294 191388.244485 0.913809488998 186008.426094
0.078418 0.557861382604 185700.010404 0.989805008413 188066.490182 0.915164271987 182130.766839
0.078517 0.560217812686 180315.326896 0.989775617867 184167.4863 0.914369313766 178528.730231
0.078616 0.558107346367 180358.282377 0.989432857086 183003.385361 0.915985783901 179042.681979
0.078715 0.560023296969 177420.349578 0.99014802713 176932.000435 0.916094870785 172706.808001
0.078814 0.559562645836 181877.723198 0.989403488637 190208.810918 0.915214526285 183186.41776
0.078913 0.56109480819 177227.981738 0.990295107942 179900.782945 0.915708987684 172106.136735
0.079012 0.561583215401 170358.335824 0.989942187376 179970.719333 0.917002136615 179941.225176
0.079111 0.562031406315 177947.330729 0.990059799612 186425.939507 0.917624819916 181522.174265
0.07921 0.561066475156 180815.542284 0.990442232457 187228.746681 0.918543557335 184087.463736
0.079309 0.565434960844 183544.104937 0.990775876589 188826.036476 0.917086233619 177669.788582
0.079408 0.563345370146 181773.913737 0.991099922694 183994.67621 0.91899939346 181787.149352
0.079507 0.565681249929 180643.983148 0.990197049213 184803.584419 0.91853512019 183301.940308
0.079606 0.564197175629 177696.284239 0.990913324811 187394.374913 0.920276451046 181191.883157
0.079705 0.566305929789 177954.956136 0.990520716741 185986.980968 0.919895499871 180565.04929
0.079804 0.567549774115 185640.011065 0.990609026429 192173.94651 0.91950640896 184383.084584
0.079903 0.567797909368 180571.579129 0.990628652943 189398.601424 0.921166565338 183283.757665
0.080002 0.569174639855 183508.128856 0.991365209029 189698.241551 0.921166565338 184562.472553
0.080101 0.568747333997 175439.791161 0.991325898389 166562.847105 0.92216894135 178217.865535
0.0802 0.57106309105 180260.692909 0.991109745582 188517.703828 0.921803416203 183193.85869
0.080299 0.57123272021 184325.634172 0.991355381077 189154.229798 0.922543267279 181947.863612
0.080398 0.571814137533 182595.400706 0.99117851125 185925.807061 0.923386612741 183215.224719
0.080497 0.573743215486 182894.937657 0.991660138237 187478.723556 0.923429246851 182104.908965
0.080596 0.576275874787 179561.907551 0.991355381077 188711.683934 0.923454829207 181178.812341
0.080695 0.576259270571 182270.225357 0.992142233511 187838.916292 0.922969006701 180796.524682
0.080794 0.574861314708 182390.860419 0.991699475391 187674.684994 0.924052153504 181808.89776
0.080893 0.575751643771 179598.352302 0.99168964081 188453.160608 0.925823056697 180303.932396
0.080992 0.577884365338 183555.992993 0.991807668657 188326.743423 0.925257684265 182135.433109
0.081091 0.578787440313 180792.939845 0.991847017516 189473.636659 0.92518064152 182296.52636
0.08119 0.580733582662 184044.49043 0.991915885533 191577.504018 0.925660227157 184506.614747
0.081289 0.579636220308 181109.576306 0.992073334061 184592.120151 0.926698174405 181587.402194
0.081388 0.58255707603 181816.542459 0.992033967243 186922.188694 0.927187931722 181571.916142
0.081487 0.58344759182 184202.427045 0.992230832581 189486.562067 0.927617969815 182881.859208
0.081586 0.584221349785 182145.715565 0.992378532868 188137.182166 0.927342699495 183855.629875
0.081685 0.58688201324 182643.028432 0.992674065397 189211.145055 0.929126249675 179229.743999
0.081784 0.587416366595 180334.16586 0.992339141825 184091.503612 0.929160781982 180376.820033
0.081883 0.586702964023 181528.380689 0.992368684814 186571.308978 0.929696361168 181138.437779
0.081982 0.588321812031 182548.353963 0.992142233511 187091.113549 0.929488966966 182261.275241
0.082081 0.590315287395 182262.938471 0.992733193027 189746.814484 0.930094125526 184023.172779
0.08218 0.591054974023 183481.477107 0.992654357753 186292.296923 0.930587479876 181542.916379
0.082279 0.592641759909 182587.690372 0.993186738971 188266.471561 0.933166607566 181557.768759
0.082378 0.593309838264 181825.13366 0.993167010965 188750.493893 0.932600930736 184912.270028
0.082477 0.594177064765 184880.40066 0.993245927692 190514.310476 0.931775404856 183146.183203
0.082576 0.596395386285 183608.543789 0.993443274389 186394.374622 0.93201856581 183220.987199
0.082675 0.595762934013 183489.584199 0.992545979693 188349.154444 0.934509569378 184097.644564
0.082774 0.596922268782 179858.739219 0.99317687487 185581.774837 0.932992480081 182862.803109
0.082873 0.600600600601 181688.007901 0.993167010965 188592.042568 0.935655005286 186323.413389
0.082972 0.601713680562 184795.360801 0.993314990117 190857.1751 0.935409943408 185542.204917
0.083071 0.60327457439 183350.017529 0.993314990117 189512.332545 0.936548817607 183540.811897
0.08317 0.602424154799 181467.74876 0.993571591801 187637.994969 0.934413515357 184995.051278
0.083269 0.604792374778 182759.857271 0.993403798776 188076.694215 0.935690024609 183301.299448
0.083368 0.60617449339 180677.288262 0.993778943812 186810.795403 0.936101698088 180689.041362
0.083467 0.609351102011 185604.851396 0.993561720054 190008.643544 0.936206864269 184005.492565
0.083566 0.609332537139 183070.401486 0.993502493691 187715.50586 0.936636538191 183914.077922
0.083665 0.610143017523 184512.702255 0.993877713286 186683.829296 0.938975952826 183782.239527
0.083764 0.612238650626 181987.88918 0.993778943812 190948.669306 0.937752020856 182182.267227
0.083863 0.613308800981 180388.844399 0.993956743003 184616.332652 0.938632225122 176074.273274
0.083962 0.615683932496 169309.285138 0.993857957821 185586.209033 0.93826233815 182882.895846
0.084061 0.616766171609 183248.924353 0.993877713286 189173.169305 0.938024707571 183780.306874
0.08416 0.61910687642 185105.677796 0.994520193733 186298.171843 0.941185328803 181535.294673
0.084259 0.621322547174 184056.928008 0.994104957601 186771.365047 0.94083113022 176476.696582
0.084358 0.62049366476 180251.319341 0.993897469537 187046.309559 0.939637675712 180929.029542
0.084457 0.620797973715 180692.310708 0.994361967643 183295.852325 0.941070185014 183093.896701
0.084556 0.622936522768 183094.855818 0.994629003382 184835.02004 0.940662979268 181934.288918
0.084655 0.627293542013 183579.854075 0.993917226573 187933.854229 0.942187382227 184071.871477
0.084754 0.62769516612 183707.057098 0.994539975534 190552.393794 0.941185328803 184009.528844
0.084853 0.627545481359 183385.29019 0.994648789512 184572.381102 0.942373839702 182904.667961
0.084952 0.629941100507 183036.208344 0.994243331113 188635.129914 0.943565356054 182575.371088
0.085051 0.632007381846 183609.267175 0.994579541499 189568.778107 0.944367321113 181188.595709
0.08515 0.632083283293 182991.967959 0.994431185362 187956.845655 0.945572828019 184120.676781
0.085249 0.635784494488 182936.737437 0.994569649713 187847.749551 0.943921616749 181330.926139
0.085348 0.638524752412 184896.21171 0.994757627304 184561.822849 0.947175994772 184136.27731
0.085447 0.638753153844 183294.170191 0.994470742671 187008.113798 0.946297610599 186718.65088
0.085546 0.638105083145 183892.871094 0.994559758123 189593.971041 0.945519184584 184687.219153
0.085645 0.64194329073 182675.085778 0.994629003382 183484.206147 0.947382382477 181752.72501
0.085744 0.646801244446 184209.869841 0.994836797023 186221.826777 0.947490098728 180018.378227
0.085843 0.646717584898 181411.158876 0.994629003382 185612.736518 0.94793019442 182513.005394
0.085942 0.649156745388 182659.731848 0.994846694124 184429.378869 0.948631598919 182206.484847
0.086041 0.650495352211 182239.65602 0.995371522421 187384.161065 0.949532355315 182746.240772
0.08614 0.651690811811 183461.011893 0.995183312766 186787.085282 0.949162838377 178153.370694
0.086239 0.654878847413 182396.174568 0.995272455835 190240.300444 0.948289759419 185822.512932
0.086338 0.654501662434 183905.04628 0.994915979346 186060.98756 0.951203272139 177241.162777
0.086437 0.658479570671 184677.948788 0.995034776465 185289.503806 0.950037526482 179693.609043
0.086536 0.656883482008 176722.147107 0.995619275189 187558.870614 0.950073630706 184337.542669
0.086635 0.658561964095 183048.589899 0.995213025348 186080.138206 0.950561306451 182086.646818
0.086734 0.662225342039 183004.103986 0.995460699212 181395.702868 0.951755513044 181229.932314
0.086833 0.664986467525 176109.685625 0.995133795739 181501.672516 0.951438575126 182283.85023
0.086932 0.664442997435 183902.627241 0.995411154577 187534.886383 0.952244917393 180601.902426
0.087031 0.669935954123 182134.088566 0.995559803277 185531.863695 0.952353742274 181475.678873
0.08713 0.670533409327 182242.348244 0.995777901697 186706.100315 0.953016296579 174067.123453
0.087229 0.669958395584 177962.884232 0.995906822958 182895.575678 0.953679773406 175493.744357
0.087328 0.674067932566 180447.748159 0.995183312766 186723.970833 0.953588831568 183921.255485
0.087427 0.673436952832 185290.813484 0.99530217374 189541.450488 0.954863597735 182520.391716
0.087526 0.677506775068 182375.95073 0.995520159283 187141.199268 0.955045985464 183324.773844
0.087625 0.679020309497 182291.851832 0.995738240331 185428.678795 0.955146328418 183866.107481
0.087724 0.679957570648 186080.468424 0.995728325484 189134.270639 0.955831047304 183826.218363
0.087823 0.684242577679 183700.942177 0.995381430164 187773.66005 0.957240085386 182804.304176
0.087922 0.683821467891 186403.735271 0.995976255926 191466.700264 0.957707631014 184097.967783
0.088021 0.686558556579 182219.783533 0.995440880766 185862.202516 0.956754688098 177520.597076
0.08812 0.688487118406 179265.134604 0.996025856831 185475.417665 0.956022944551 184107.180011
0.088219 0.690731761228 184792.999699 0.995877068935 187106.80419 0.957047699257 164386.069976
0.088318 0.693986606059 181084.242107 0.996045698577 187242.454261 0.957716803141 183210.262875
0.088417 0.69768577628 179444.984461 0.996144919163 181717.762599 0.958533826659 162456.8953
0.088516 0.698406933784 173006.506454 0.995767986059 180945.655095 0.958460329327 179677.135792
0.088615 0.695657013266 182933.466155 0.996006015876 183682.438972 0.95999692801 175337.114889
0.088714 0.701336045166 182324.10303 0.995748155377 185753.796184 0.960282707229 180715.822346
0.088813 0.705019740553 183434.774946 0.995787817532 186756.312698 0.960891707505 182288.445124
0.088912 0.705606751245 182034.963457 0.996115150911 185924.405974 0.961566199025 179702.847702
0.089011 0.707173568681 180788.965517 0.99547060873 184385.19205 0.962297195866 180951.587957
0.08911 0.708130041001 184564.827767 0.996025856831 187471.265652 0.960605565749 182325.688149
0.089209 0.713165026387 183179.057434 0.995748155377 189025.252015 0.962834585018 182087.042064
0.089308 0.713638342361 184736.351356 0.995639100739 183207.221877 0.961825159423 181341.431568
0.089407 0.716029758197 181494.132807 0.996184612932 182514.434958 0.963465392323 179518.024332
0.089506 0.720300221132 183125.392944 0.996055619746 181500.101692 0.962732620269 184673.232644
0.089605 0.721542368968 183920.529639 0.996264009963 185545.980571 0.962825314603 179401.84898
0.089704 0.721516338737 185883.289355 0.996105228556 185289.831224 0.964487567755 183887.146896
0.089803 0.723395328313 185176.204861 0.996174689193 188890.665271 0.964608513635 182765.591141
0.089902 0.726142585358 184327.011267 0.996125073464 185737.591379 0.964785335263 183213.223943
0.090001 0.730780473546 179573.208455 0.996234234593 187988.267944 0.966118233549 186551.1444
0.0901 0.730930035377 187942.359559 0.995886986745 189264.592939 0.964534081812 184979.3049
0.090199 0.732032267982 181225.703841 0.996194536869 186385.263389 0.966865518675 183422.9828
0.090298 0.735802687151 181206.365006 0.995946497754 184056.685701 0.965437343116 181056.413936
0.090397 0.738585166256 181729.966417 0.996293787112 185918.554604 0.966949660601 180891.730733
0.090496 0.740877940359 180740.27471 0.996015936255 180347.813001 0.966538439234 181902.491025
0.090595 0.743787514783 181722.643929 0.99636327405 188164.781641 0.966650555824 184515.0562
0.090694 0.746023693713 186499.300789 0.996452628642 187713.741628 0.968194800794 182765.9097
0.090793 0.747702683505 186540.358555 0.996303713224 187224.902232 0.968410451086 184061.774273
0.090892 0.751055232602 185116.951979 0.996224309866 186025.090722 0.967557787389 181102.303727
0.090991 0.753840818973 182525.713415 0.996144919163 185691.377975 0.968917138206 180762.162852
0.09109 0.754352614586 185535.967216 0.996323566041 186543.428245 0.969856849129 174066.834496
0.091189 0.75660134675 170854.929667 0.99666118503 172802.296613 0.969189466849 173825.025508
0.091288 0.759705234369 177329.811234 0.996125073464 178414.362634 0.970883212458 183085.105268
0.091387 0.76138846801 182102.299863 0.995807649794 190116.990078 0.970902065109 183943.920905
0.091486 0.762154458223 182956.207977 0.996174689193 187670.822211 0.971203807119 182514.037854
0.091585 0.764315631783 185555.912916 0.996462557919 185695.899623 0.97136418386 181222.806667
0.091684 0.768468212312 184669.492425 0.996095306399 187802.582479 0.971166079111 180931.292935
0.091783 0.770784195841 181127.642981 0.996115150911 185836.674075 0.970958627453 180187.279803
0.091882 0.772988683446 183169.297915 0.996551930321 169747.340049 0.971855076971 179061.638163
0.091981 0.774125625106 181504.657157 0.996174689193 186986.770998 0.972715334857 182294.466369
0.09208 0.777163818361 180685.460786 0.996095306399 185239.340677 0.972649107108 181459.269803
0.092179 0.78036599165 183582.26463 0.996144919163 184909.579862 0.973340211604 181944.232972
0.092278 0.78400012544 184055.231876 0.995728325484 185245.231186 0.973946919893 164912.835296
0.092377 0.784830790482 160750.266844 0.996015936255 181633.95486 0.973349685608 178140.658911
0.092476 0.786949233905 182222.000169 0.996045698577 179692.916182 0.974098715164 180769.719776
0.092575 0.790201501383 182078.030887 0.996174689193 184278.501345 0.974411942393 177552.760335
0.092674 0.793436691686 182486.086118 0.996184612932 185259.304475 0.974791881933 182797.293192
0.092773 0.794419993962 183728.301569 0.996105228556 186207.606877 0.974706369706 182095.342622
0.092872 0.797168457638 181016.40639 0.995936578759 185314.227116 0.974440427584 181576.239393
0.092971 0.800262486095 182574.735299 0.996254084642 185376.39199 0.976133535068 183083.826585
0.09307 0.80413001174 187021.78909 0.995797733564 188714.570777 0.975981105006 184476.994606
0.093169 0.806159055182 186403.735271 0.996234234593 189915.209956 0.976162121005 182880.902321
0.093268 0.807852324595 186180.495877 0.995827482847 183650.670425 0.976314607619 180470.885581
0.093367 0.809605155566 183172.977612 0.995896904752 183676.64743 0.977650900416 181613.1133
0.093466 0.813616688906 181078.7696 0.995976255926 183508.450009 0.97745977753 180277.273343
0.093565 0.814849823178 184994.724901 0.996273935481 165729.445151 0.977822974929 176618.857265
0.093664 0.817006813837 161975.322373 0.996353346751 178818.264915 0.978081200301 181329.90702
0.093763 0.820317626985 182968.897978 0.995787817532 167435.213377 0.978071633966 166357.258247
0.093862 0.821956091106 157791.173966 0.996065541113 145617.403942 0.97864594547 143968.371817
0.093961 0.823886105985 163675.493342 0.996035777605 126133.328361 0.978780048547 161716.834836
0.09406 0.827965357929 171508.647392 0.995837399669 176298.150096 0.978923771206 172744.364696
0.094159 0.830330305395 178767.734294 0.995807649794 178180.086484 0.978569331637 178340.852955
0.094258 0.832417673892 180998.127578 0.996015936255 165534.922417 0.979604631571 153794.571159
0.094357 0.835310234221 152667.539024 0.99542106311 153358.710886 0.979758195677 155439.295423
0.094456 0.837563026618 156416.450805 0.995549891983 161185.290852 0.979806194335 148644.470607
0.094555 0.839870324022 178489.452055 0.995639100739 180250.932024 0.979873400357 166646.694881
0.094654 0.842403207871 180085.390526 0.995361614875 179955.816627 0.980584428319 176502.24336
0.094753 0.845623055067 179517.716995 0.99564901381 159554.284658 0.981257972721 177033.714163
0.094852 0.845930650605 179261.303777 0.995639100739 181438.782259 0.981171322325 176276.662855
0.094951 0.849754845727 178668.737495 0.995777901697 182042.311136 0.981229087555 177836.270203
0.09505 0.852478581476 181671.481724 0.99542106311 180274.716348 0.982125319191 176239.109809
0.095149 0.855571050898 179064.466647 0.995282361606 181203.703304 0.982077093052 177526.532875
0.095248 0.85884090831 179909.194049 0.995183312766 182657.106824 0.981392792651 178795.549277
0.095347 0.858310158959 182512.449458 0.994836797023 180527.900385 0.981431319436 179082.127584
0.095446 0.863058506736 179272.873373 0.995193216763 182487.435863 0.982463034828 175860.991836
0.095545 0.864117519983 179418.885784 0.99471804717 179182.884447 0.982405124225 156244.619469
0.095644 0.86733277824 147596.227948 0.994965474698 148451.862646 0.982936227098 144597.665644
0.095743 0.871847182626 152084.520086 0.99476752283 149817.438858 0.982752690285 140528.60927
0.095842 0.876508690584 149327.948328 0.994935776896 154025.506744 0.983496921655 148474.984982
0.095941 0.875120329045 153233.936994 0.994233446013 154204.110414 0.983874300219 150049.458355
0.09604 0.880343686175 153479.700542 0.994361967643 153423.615282 0.98424228108 146842.673715
0.096139 0.881834215168 150672.300363 0.994826900119 152112.980491 0.983990474972 149014.193692
0.096238 0.884971415423 153289.603523 0.99454986673 142596.419845 0.984106677164 149677.097031
0.096337 0.887091051025 154817.467785 0.994045666458 155548.360945 0.984174474451 149298.500965
0.096436 0.889220864678 148925.886869 0.994085193101 153958.67937 0.984940263373 149451.605099
0.096535 0.892060660125 154340.237786 0.993522235028 153117.079348 0.984979069195 147268.445581
0.096634 0.894966707238 153796.714108 0.993591335884 153796.432137 0.984329474762 147621.942056
0.096733 0.898941047446 152600.718634 0.993927105386 150102.619949 0.984271343924 149105.944644
0.096832 0.900965835376 154197.931089 0.993285390758 153835.297397 0.984911161013 150195.662761
0.096931 0.903848587285 152731.414655 0.99285146942 154587.685481 0.984959665902 149151.756424
0.09703 0.90604330887 153824.577875 0.993472883158 151254.393687 0.985687812956 144814.387582
0.097129 0.905829921374 154037.668551 0.993157147255 150211.530782 0.984746280121 151869.75632
0.097228 0.91068046044 153633.907483 0.99277261536 154637.441301 0.985794698396 152036.889291
0.097327 0.912900192622 154516.043232 0.991847017516 154324.564379 0.984581454424 152267.713271
0.097426 0.916581882843 153505.820282 0.992348989293 154077.278445 0.985493535162 145844.447342
0.097525 0.919295084529 153159.796459 0.991512651701 153428.385706 0.984882060373 151968.527331
0.097624 0.921047783959 154441.339558 0.991866693116 153507.730461 0.985697528856 148710.137652
0.097723 0.924282756581 152054.471723 0.991070455199 154559.032001 0.985736394373 149182.260193
0.097822 0.926620891595 152253.342234 0.9910213466 152018.649749 0.98544497768 151678.083888
0.097921 0.929471688292 153780.643449 0.990628652943 151145.327555 0.984843262195 149447.345008
0.09802 0.93080402852 152815.663162 0.989873593142 150356.703849 0.984911161013 151453.198973
0.098119 0.934736684676 153197.053599 0.989648279002 146123.394597 0.984029205987 151526.407722
0.098218 0.935506202406 152694.161273 0.989188173266 125030.338675 0.984126046864 133817.559969
0.098317 0.939478777174 144148.077529 0.988415767208 161508.909108 0.984319785812 150969.605261
0.098416 0.94163731897 153694.820999 0.988103237026 157263.321608 0.983613007298 150418.444254
0.098515 0.942942546511 151239.722466 0.987615304087 152318.973632 0.98321649444 147997.294323
0.098614 0.944795593473 152123.904173 0.985891887096 151064.923315 0.983583983318 147910.605557
0.098713 0.946288655892 148270.759407 0.985114913655 150378.428534 0.98227002603 141846.193596
0.098812 0.948280766969 153964.10481 0.98418416054 157200.077507 0.981046187655 152196.603148
0.098911 0.950850535804 157418.552875 0.982154257148 151198.287553 0.980267220844 150948.41566
0.09901 0.950986172661 154403.41798 0.980526738964 153811.37799 0.978760888715 150763.829081
0.099109 0.952072662186 154400.576034 0.979633421174 153516.663989 0.976228828037 151719.782225
0.099208 0.952244917393 157347.745952 0.976600648463 154912.215387 0.974962951408 153510.820557
0.099307 0.952480736077 156709.35697 0.973056077222 153637.396603 0.972204668527 152299.007296
0.099406 0.951311859054 149281.603212 0.969574744517 153002.297422 0.967969876777 153206.902358
0.099505 0.948056011149 157651.85671 0.963613937712 156805.145408 0.960614793468 152972.83379
0.099604 0.941371389841 152493.417517 0.953243410705 154674.280092 0.952027342225 151246.103279
0.099703 0.931090027095 153105.621351 0.939893792002 150244.891453 0.937558597412 143989.723024
0.099802 0.904846357089 148737.612746 0.91069704752 146983.362367 0.910796582691 143892.754492
0.099901 0.831704578534 144848.194968 0.838124612367 143729.985405 0.838447865312 139466.116912
0.0999505 0.73978176438 136322.060765 0.740362333326 135396.610036 0.742164597264 133223.560502
